Rbr.županije;Županija;Oznaka GROP;Grad/opæina;Rbr BM;Naziv BM;Lokacija BM;Adresa BM;Ukupno biraèa;Glasovalo biraèa;Glasovalo biraèa (po listiæima);Važeæi listiæi;Nevažeæi listiæi;MARKO JELIÆ;GORAN PAUK
15;ŠIBENSKO-KNINSKA ŽUPANIJA;grad;DRNIŠ;001;BIRAÈKO MJESTO 1;GLAZBENA  ŠKOLA U DRNIŠU;V. NAZORA 4;549;201;201;196;5;128;68
15;ŠIBENSKO-KNINSKA ŽUPANIJA;grad;DRNIŠ;002;BIRAÈKO MJESTO 2;SREDNJA ŠKOLA U DRNIŠU;POLJANA 1;710;281;281;279;2;197;82
15;ŠIBENSKO-KNINSKA ŽUPANIJA;grad;DRNIŠ;003;BIRAÈKO MJESTO 3;OSNOVNA ŠKOLA U DRNIŠU;ANTUNA MIHANOVIÆA 4;818;333;333;326;7;211;115
15;ŠIBENSKO-KNINSKA ŽUPANIJA;grad;DRNIŠ;004;BIRAÈKO MJESTO 4;SREDNJA ŠKOLA U DRNIŠU;POLJANA 1;480;176;176;176;0;109;67
15;ŠIBENSKO-KNINSKA ŽUPANIJA;grad;DRNIŠ;005;BIRAÈKO MJESTO 5;OSNOVNA ŠKOLA U DRINOVCIMA;OKO CRKVE 2;161;45;45;45;0;18;27
15;ŠIBENSKO-KNINSKA ŽUPANIJA;grad;DRNIŠ;006;BIRAÈKO MJESTO 6;KUÆA IVICE STOJANOVIÆA (ŠKITE) U KARALIÆU;KOD TRGOVINE 3;226;120;120;119;1;45;74
15;ŠIBENSKO-KNINSKA ŽUPANIJA;grad;DRNIŠ;007;BIRAÈKO MJESTO 7;KUÆA DAVORA BAÈIÆA U BRIŠTANIMA;BAÈIÆI 7;147;65;64;64;0;39;25
15;ŠIBENSKO-KNINSKA ŽUPANIJA;grad;DRNIŠ;008;BIRAÈKO MJESTO 8;KUÆA ILIJE GALIÆA U BOGATIÆU;KOD ŠKOLE 1;85;53;53;50;3;29;21
15;ŠIBENSKO-KNINSKA ŽUPANIJA;grad;DRNIŠ;009;BIRAÈKO MJESTO 9;KUÆA DANICE LJUBIÆ U KLJUÈU;KLJUÈ 23;127;87;87;84;3;11;73
15;ŠIBENSKO-KNINSKA ŽUPANIJA;grad;DRNIŠ;010;BIRAÈKO MJESTO 10;OSNOVNA  ŠKOLA U KAOÈINAMA;KOD ŠKOLE KULUŠIÆI 20;201;90;90;84;6;42;42
15;ŠIBENSKO-KNINSKA ŽUPANIJA;grad;DRNIŠ;011;BIRAÈKO MJESTO 11;OSNOVNA ŠKOLA U TRBOUNJU;KOD ŠKOLE 4;197;67;67;66;1;39;27
15;ŠIBENSKO-KNINSKA ŽUPANIJA;grad;DRNIŠ;012;BIRAÈKO MJESTO 12;KUÆA IVICE TARLE U VELUŠIÆU;TARLE 5;78;28;28;28;0;15;13
15;ŠIBENSKO-KNINSKA ŽUPANIJA;grad;DRNIŠ;013;BIRAÈKO MJESTO 13;PROSTORIJA ŽELJEZNIÈKOG KOLODVORA DRNIŠ U BADNJU, BADANJ;ŽELJEZNIÈKA STANICA 6 A;221;81;81;79;2;49;30
15;ŠIBENSKO-KNINSKA ŽUPANIJA;grad;DRNIŠ;014;BIRAÈKO MJESTO 14;KUÆA ZVONIMIRA DŽALE U KRIÈKAMA;KOD CRKVE KRALJICE MIRA 20;194;65;65;64;1;31;33
15;ŠIBENSKO-KNINSKA ŽUPANIJA;grad;DRNIŠ;015;BIRAÈKO MJESTO 15;OSNOVNA ŠKOLA U SEDRAMIÆU;MILAKOVIÆI 1;159;79;79;77;2;12;65
15;ŠIBENSKO-KNINSKA ŽUPANIJA;grad;DRNIŠ;016;BIRAÈKO MJESTO 16;KUÆA MILE MUJANA U ŽITNIÆU;MUJANI 4B, ŽITNIÆ;139;47;47;47;0;34;13
15;ŠIBENSKO-KNINSKA ŽUPANIJA;grad;DRNIŠ;017;BIRAÈKO MJESTO 17;OSNOVNA ŠKOLA U PAKOVU SELU;KOD ŠKOLE 10;177;129;129;127;2;33;94
15;ŠIBENSKO-KNINSKA ŽUPANIJA;grad;DRNIŠ;018;BIRAÈKO MJESTO 18;OSNOVNA ŠKOLA U POKROVNIKU;LUCIÆI 29;185;102;102;101;1;43;58
15;ŠIBENSKO-KNINSKA ŽUPANIJA;grad;DRNIŠ;019;BIRAÈKO MJESTO 19;OSNOVNA ŠKOLA U RADONIÆU;KOD ŠKOLE 1;327;87;87;83;4;41;42
15;ŠIBENSKO-KNINSKA ŽUPANIJA;grad;DRNIŠ;020;BIRAÈKO MJESTO 20;OSNOVNA ŠKOLA U SIVERIÆU;OKO ŠKOLE 7;441;195;195;193;2;114;79
15;ŠIBENSKO-KNINSKA ŽUPANIJA;grad;DRNIŠ;021;BIRAÈKO MJESTO 21;KUÆA MIROSLAVA ÆOSIÆA U TEPLJUHU;PERIÈIÆI 16;115;23;23;23;0;18;5
15;ŠIBENSKO-KNINSKA ŽUPANIJA;grad;DRNIŠ;022;BIRAÈKO MJESTO 22;KUÆA DRAGANA GUNDELJA U BIOÈIÆU;GUNDELJI I DEVIÆI 11;93;18;18;18;0;18;0
15;ŠIBENSKO-KNINSKA ŽUPANIJA;grad;DRNIŠ;023;BIRAÈKO MJESTO 23;DOM KULTURE U MIOÈIÆU;PUT PARÈIÆA 1;94;21;21;21;0;19;2
15;ŠIBENSKO-KNINSKA ŽUPANIJA;grad;DRNIŠ;024;BIRAÈKO MJESTO 24;KUÆA DRAŽENA BAKOVIÆA  U PARÈIÆU;BANOVCI 4 A;129;37;37;37;0;21;16
15;ŠIBENSKO-KNINSKA ŽUPANIJA;grad;DRNIŠ;025;BIRAÈKO MJESTO 25;KUÆA IVICE KRANJCA (GRILE) U KADINOJ GLAVICI;DONJE GORETE 7;159;62;62;62;0;32;30
15;ŠIBENSKO-KNINSKA ŽUPANIJA;grad;DRNIŠ;026;BIRAÈKO MJESTO 26;KUÆA BOŽICE VUDRAGOVIÆ U ŠTIKOVU;VUJEVIÆI 8;53;19;19;19;0;15;4
15;ŠIBENSKO-KNINSKA ŽUPANIJA;grad;KNIN;001;BIRAÈKO MJESTO 1;"ZGRADA ""HRVATSKIH CESTA"", NADCESTARIJA KNIN";DRNIŠKA CESTA 46, KNIN;120;59;59;59;0;45;14
15;ŠIBENSKO-KNINSKA ŽUPANIJA;grad;KNIN;002;BIRAÈKO MJESTO 2;ZGRADA VELEUÈILIŠTA MARKO MARULIÆ;KREŠIMIROVA 30, KNIN;598;312;312;306;6;212;94
15;ŠIBENSKO-KNINSKA ŽUPANIJA;grad;KNIN;003;BIRAÈKO MJESTO 3;ZGRADA VELEUÈILIŠTA MARKO MARULIÆ;KREŠIMIROVA 30, KNIN;674;307;307;302;5;207;95
15;ŠIBENSKO-KNINSKA ŽUPANIJA;grad;KNIN;004;BIRAÈKO MJESTO 4;"PROSTORIJE ""UPRAVITELJ KNIN"", (BIVŠA TRŽNICA KNIN D.O.O)";VUKOVARSKA 2, KNIN;693;317;317;313;4;215;98
15;ŠIBENSKO-KNINSKA ŽUPANIJA;grad;KNIN;005;BIRAÈKO MJESTO 5;"PROSTORIJE ""UPRAVITELJ KNIN"" (BIVŠA TRŽNICA D.O.O.)";VUKOVARSKA 2, KNIN;670;329;329;324;5;227;97
15;ŠIBENSKO-KNINSKA ŽUPANIJA;grad;KNIN;006;BIRAÈKO MJESTO 6;ZGRADA OSNOVNE ŠKOLE DOMOVINSKE ZAHVALNOSTI;JOVIÆEVA 2, KNIN;839;422;422;413;9;310;103
15;ŠIBENSKO-KNINSKA ŽUPANIJA;grad;KNIN;007;BIRAÈKO MJESTO 7;ZGRADA OSNOVNE ŠKOLE DOMOVINSKE ZAHVALNOSTI;JOVIÆEVA 2, KNIN;779;397;397;384;13;292;92
15;ŠIBENSKO-KNINSKA ŽUPANIJA;grad;KNIN;008;BIRAÈKO MJESTO 8;PRIVATNA KUÆA ANDRIJE ŠKEGRO;DOMOVINSKOG RATA 33, KOVAÈIÆ;948;438;438;431;7;326;105
15;ŠIBENSKO-KNINSKA ŽUPANIJA;grad;KNIN;009;BIRAÈKO MJESTO 9;"ZGRADA HEP-A ""ELEKTRA""";4. GARDIJSKE 48, KNIN;1332;635;635;621;14;428;193
15;ŠIBENSKO-KNINSKA ŽUPANIJA;grad;KNIN;010;BIRAÈKO MJESTO 10;ZGRADA OŠ DR. FRANJE TUÐMANA (BIVŠA II OŠ KNIN);KNEZA IVANIŠA NELIPIÆA 2, KNIN;744;328;328;323;5;217;106
15;ŠIBENSKO-KNINSKA ŽUPANIJA;grad;KNIN;011;BIRAÈKO MJESTO 11;ZGRADA OŠ DR.FRANJE TUÐMANA (BIVŠA II OŠ KNIN);KNEZA IVANIŠA NELIPIÆA 2, KNIN;641;292;292;285;7;215;70
15;ŠIBENSKO-KNINSKA ŽUPANIJA;grad;KNIN;012;BIRAÈKO MJESTO 12;KUÆA VLATKE ÈOVIÆ;SURONJINA 15, KNIN;1492;686;686;681;5;489;192
15;ŠIBENSKO-KNINSKA ŽUPANIJA;grad;KNIN;013;BIRAÈKO MJESTO 13;DOM KULTURE U VRPOLJU;FRA ANDRIJE MARIÆA 2, VRPOLJE;602;270;270;268;2;203;65
15;ŠIBENSKO-KNINSKA ŽUPANIJA;grad;KNIN;014;BIRAÈKO MJESTO 14;OSNOVNA ŠKOLA DOMOVINSKE ZAHVALNOSTI, PODRUÈNA ŠKOLA GOLUBIÆ;GOLUBIÆ;724;298;298;297;1;221;76
15;ŠIBENSKO-KNINSKA ŽUPANIJA;grad;KNIN;015;BIRAÈKO MJESTO 15;ZGRADA NOVE AMBULANTE;PLAVNO;182;71;71;70;1;66;4
15;ŠIBENSKO-KNINSKA ŽUPANIJA;grad;KNIN;016;BIRAÈKO MJESTO 16;KUÆA ÐURE RADOŠA;CENTAR 34, STRMICA;195;83;83;83;0;80;3
15;ŠIBENSKO-KNINSKA ŽUPANIJA;grad;KNIN;017;BIRAÈKO MJESTO 17;ZGRADA TELEKOMUNIKACIJA-POŠTA;ZADARSKA 1, ŽAGROVIÆ;530;224;224;222;2;161;61
15;ŠIBENSKO-KNINSKA ŽUPANIJA;grad;KNIN;018;BIRAÈKO MJESTO 18;KUÆA ILIJE ORLOVIÆA;LJUBAÈ;51;34;34;33;1;32;1
15;ŠIBENSKO-KNINSKA ŽUPANIJA;grad;KNIN;019;BIRAÈKO MJESTO 19;KUÆA VLASNIŠTVA VELJKA TANJGE;OÈESTOVO;89;44;44;43;1;39;4
15;ŠIBENSKO-KNINSKA ŽUPANIJA;grad;KNIN;020;BIRAÈKO MJESTO 20;KUÆA RADOJKE MILIVOJEVIÆ;POLAÈA;159;74;74;72;2;59;13
15;ŠIBENSKO-KNINSKA ŽUPANIJA;grad;SKRADIN;001;BIRAÈKO MJESTO 1;"""KULTURNI CENTAR U SKRADINU""";ANTUNA BECIÆA 2, SKRADIN;758;269;269;267;2;164;103
15;ŠIBENSKO-KNINSKA ŽUPANIJA;grad;SKRADIN;002;BIRAÈKO MJESTO 2;PROSTORIJE OSNOVNE ŠKOLE U DUBRAVICAMA;DUBRAVICE;617;218;218;216;2;68;148
15;ŠIBENSKO-KNINSKA ŽUPANIJA;grad;SKRADIN;003;BIRAÈKO MJESTO 3;KUÆA JOSE SLADIÆA POK. GRGE U PLASTOVU;PLASTOVO;259;104;104;104;0;10;94
15;ŠIBENSKO-KNINSKA ŽUPANIJA;grad;SKRADIN;004;BIRAÈKO MJESTO 4;PROSTORIJE OSNOVNE ŠKOLE U RUPAMA;RUPE;487;189;189;186;3;49;137
15;ŠIBENSKO-KNINSKA ŽUPANIJA;grad;SKRADIN;005;BIRAÈKO MJESTO 5;POSLOVNI PROSTOR DALIBORA DUJIÆA - POSLOVNA ZONA KOSA BB;IÆEVO;117;87;87;84;3;2;82
15;ŠIBENSKO-KNINSKA ŽUPANIJA;grad;SKRADIN;006;BIRAÈKO MJESTO 6;POLJOPRIVREDNA ZADRUGA BRANITELJA BRATIŠKOVCI-BRIBIR;DOBROTE VULINOVIÆI 52 A, BRATIŠKOVCI;272;42;42;42;0;13;29
15;ŠIBENSKO-KNINSKA ŽUPANIJA;grad;SKRADIN;007;BIRAÈKO MJESTO 7;POSLOVNI PROSTOR ZDRAVKA MARETIÆA U VAÆANIMA;DONJI VAÆANI 15;194;68;66;65;1;19;46
15;ŠIBENSKO-KNINSKA ŽUPANIJA;grad;SKRADIN;008;BIRAÈKO MJESTO 8;"PROSTORIJE BOÆARSKOG KLUBA ""SONKOVIÆ"" U SONKOVIÆU";SONKOVIÆ;597;178;178;176;2;42;134
15;ŠIBENSKO-KNINSKA ŽUPANIJA;grad;SKRADIN;009;BIRAÈKO MJESTO 9;POSLOVNI PROSTOR JOŠKA CIGIÆA U BRIBIRU (BIVŠA OSNOVNA ŠKOLA);BRIBIRSKE MOSTINE BB;274;25;25;24;1;8;16
15;ŠIBENSKO-KNINSKA ŽUPANIJA;grad;SKRADIN;010;BIRAÈKO MJESTO 10;PROSTORIJE OSNOVNE ŠKOLE U PIRAMATOVCIMA;PIRAMATOVCI;242;76;76;76;0;21;55
15;ŠIBENSKO-KNINSKA ŽUPANIJA;grad;SKRADIN;011;BIRAÈKO MJESTO 11;PROSTORIJE OSNOVNE ŠKOLE  U KRKOVIÆU;KRKOVIÆ;309;93;93;88;5;35;53
15;ŠIBENSKO-KNINSKA ŽUPANIJA;grad;ŠIBENIK;001;BIRAÈKO MJESTO 1;TURISTIÈKO - UGOSTITELJSKA ŠKOLA;ANTE ŠUPUKA BB, ŠIBENIK;726;364;364;359;5;211;148
15;ŠIBENSKO-KNINSKA ŽUPANIJA;grad;ŠIBENIK;002;BIRAÈKO MJESTO 2;ZAVOD ZA ZAPOŠLJAVANJE;MATIJE GUPCA 42 A , ŠIBENIK;486;223;223;219;4;142;77
15;ŠIBENSKO-KNINSKA ŽUPANIJA;grad;ŠIBENIK;003;BIRAÈKO MJESTO 3;ZAVOD ZA ZAPOŠLJAVANJE;MATIJE GUPCA 42 A, ŠIBENIK;624;308;308;306;2;224;82
15;ŠIBENSKO-KNINSKA ŽUPANIJA;grad;ŠIBENIK;004;BIRAÈKO MJESTO 4;OSNOVNA ŠKOLA JURJA ŠIŽGORIÆA;STJEPANA RADIÆA 44 A, ŠIBENIK;986;447;447;441;6;267;174
15;ŠIBENSKO-KNINSKA ŽUPANIJA;grad;ŠIBENIK;005;BIRAÈKO MJESTO 5;OSNOVNA ŠKOLA JURJA ŠIŽGORIÆA;STJEPANA RADIÆA 44 A, ŠIBENIK;578;281;281;272;9;171;101
15;ŠIBENSKO-KNINSKA ŽUPANIJA;grad;ŠIBENIK;006;BIRAÈKO MJESTO 6;OSNOVNA ŠKOLA JURJA ŠIŽGORIÆA;STJEPANA RADIÆA 44 A, ŠIBENIK;617;248;248;247;1;153;94
15;ŠIBENSKO-KNINSKA ŽUPANIJA;grad;ŠIBENIK;007;BIRAÈKO MJESTO 7;OSNOVNA ŠKOLA TINA UJEVIÆA;TRG ANDRIJE HEBRANGA 11,  ŠIBENIK;844;386;386;381;5;235;146
15;ŠIBENSKO-KNINSKA ŽUPANIJA;grad;ŠIBENIK;008;BIRAÈKO MJESTO 8;OSNOVNA ŠKOLA TINA UJEVIÆA;TRG ANDRIJE HEBRANGA 11,  ŠIBENIK;705;298;298;293;5;182;111
15;ŠIBENSKO-KNINSKA ŽUPANIJA;grad;ŠIBENIK;009;BIRAÈKO MJESTO 9;OSNOVNA ŠKOLA TINA UJEVIÆA;TRG ANDRIJE HEBRANGA 11,  ŠIBENIK;925;404;404;397;7;243;154
15;ŠIBENSKO-KNINSKA ŽUPANIJA;grad;ŠIBENIK;010;BIRAÈKO MJESTO 10;OSNOVNA ŠKOLA TINA UJEVIÆA;TRG ANDRIJE HEBRANGA 11, ŠIBENIK;871;381;381;372;9;250;122
15;ŠIBENSKO-KNINSKA ŽUPANIJA;grad;ŠIBENIK;011;BIRAÈKO MJESTO 11;OSNOVNA ŠKOLA TINA UJEVIÆA;TRG ANDRIJE HEBRANGA 11, ŠIBENIK;719;333;333;327;6;224;103
15;ŠIBENSKO-KNINSKA ŽUPANIJA;grad;ŠIBENIK;012;BIRAÈKO MJESTO 12;OSNOVNA ŠKOLA JURJA DALMATINCA;STIPE NINIÆA 27, ŠIBENIK;543;245;245;237;8;156;81
15;ŠIBENSKO-KNINSKA ŽUPANIJA;grad;ŠIBENIK;013;BIRAÈKO MJESTO 13;OSNOVNA ŠKOLA JURJA DALMATINCA;STIPE NINIÆA 27, ŠIBENIK;717;348;348;345;3;186;159
15;ŠIBENSKO-KNINSKA ŽUPANIJA;grad;ŠIBENIK;014;BIRAÈKO MJESTO 14;EX UPRAVNA ZGRADA TEF-A - PROSTORIJE CENTRA ZA SOCIJALNU SKRB ŠIBENIK, ODJEL ZA DJECU BRAK I OBITELJ;PRILAZ TVORNICI 39, ŠIBENIK;705;289;289;280;9;182;98
15;ŠIBENSKO-KNINSKA ŽUPANIJA;grad;ŠIBENIK;015;BIRAÈKO MJESTO 15;EX UPRAVNA ZGRADA TEF-A - PROSTORIJE CENTRA ZA SOCIJALNU SKRB ŠIBENIK, ODJEL ZA DJECU BRAK I OBITELJ;PRILAZ TVORNICI 39, ŠIBENIK;947;446;446;429;17;207;222
15;ŠIBENSKO-KNINSKA ŽUPANIJA;grad;ŠIBENIK;016;BIRAÈKO MJESTO 16;VODOVOD I ODVODNJA D.O.O. ŠIBENIK;KRALJA ZVONIMIRA 50,  ŠIBENIK;903;425;425;418;7;233;185
15;ŠIBENSKO-KNINSKA ŽUPANIJA;grad;ŠIBENIK;017;BIRAÈKO MJESTO 17;PROSTORIJE DJEÈJEG VRTIÆA ŽIŽULA;ULICA MILICE I TURKA 4,  ŠIBENIK;490;224;224;223;1;125;98
15;ŠIBENSKO-KNINSKA ŽUPANIJA;grad;ŠIBENIK;018;BIRAÈKO MJESTO 18;PROSTORIJE OSNOVNE ŠKOLE METERIZE;PUT KROZ METERIZE 48,  ŠIBENIK;1011;430;428;418;10;224;194
15;ŠIBENSKO-KNINSKA ŽUPANIJA;grad;ŠIBENIK;019;BIRAÈKO MJESTO 19;PROSTORIJE OSNOVNE ŠKOLE METERIZE;PUT KROZ METERIZE 48,  ŠIBENIK;1241;546;546;536;10;271;265
15;ŠIBENSKO-KNINSKA ŽUPANIJA;grad;ŠIBENIK;020;BIRAÈKO MJESTO 20;PROSTORIJE OSNOVNE ŠKOLE METERIZE;PUT KROZ METERIZE 48,  ŠIBENIK;958;434;434;424;10;274;150
15;ŠIBENSKO-KNINSKA ŽUPANIJA;grad;ŠIBENIK;021;BIRAÈKO MJESTO 21;PROSTORIJE GRAD. ÈETVRTI PLIŠAC;FRA STJEPANA ZLATOVIÆA,   ŠIBENIK;637;288;288;280;8;179;101
15;ŠIBENSKO-KNINSKA ŽUPANIJA;grad;ŠIBENIK;022;BIRAÈKO MJESTO 22;OSNOVNA ŠKOLA VIDICI - PODRUÈNA ŠKOLA RAŽINE;PUT EGERA BB, ŠIBENIK;1344;535;535;524;11;295;229
15;ŠIBENSKO-KNINSKA ŽUPANIJA;grad;ŠIBENIK;023;BIRAÈKO MJESTO 23;PROSTORIJE GRADSKE ÈETVRTI RAŽINE DONJE;LEPENIÈKA 1, ŠIBENIK;699;280;280;276;4;167;109
15;ŠIBENSKO-KNINSKA ŽUPANIJA;grad;ŠIBENIK;024;BIRAÈKO MJESTO 24;PROSTORIJE GRADSKE VIJEÆNICE;TRG REPUBLIKE HRVATSKE,  ŠIBENIK;669;290;290;285;5;175;110
15;ŠIBENSKO-KNINSKA ŽUPANIJA;grad;ŠIBENIK;025;BIRAÈKO MJESTO 25;PROSTORIJE OSNOVNE ŠKOLE FAUSTA VRANÈIÆA;TRG I.G. KOVAÈIÆA 1,  ŠIBENIK;491;213;213;211;2;140;71
15;ŠIBENSKO-KNINSKA ŽUPANIJA;grad;ŠIBENIK;026;BIRAÈKO MJESTO 26;PROSTORIJE OSNOVNE ŠKOLE FAUSTA VRANÈIÆA;TRG I.G. KOVAÈIÆA 1, ŠIBENIK;461;229;229;224;5;134;90
15;ŠIBENSKO-KNINSKA ŽUPANIJA;grad;ŠIBENIK;027;BIRAÈKO MJESTO 27;PROSTORIJE O.Š. P. KREŠIMIRA IV;BANA J. JELAÈIÆA 74,  ŠIBENIK;820;395;395;384;11;224;160
15;ŠIBENSKO-KNINSKA ŽUPANIJA;grad;ŠIBENIK;028;BIRAÈKO MJESTO 28;PROSTORIJE O.Š. P. KREŠIMIRA IV;BANA J. JELAÈIÆA 74,  ŠIBENIK;780;344;344;338;6;204;134
15;ŠIBENSKO-KNINSKA ŽUPANIJA;grad;ŠIBENIK;029;BIRAÈKO MJESTO 29;PROSTORIJE O.Š. P. KREŠIMIRA IV;BANA J. JELAÈIÆA 74,  ŠIBENIK;661;298;298;295;3;199;96
15;ŠIBENSKO-KNINSKA ŽUPANIJA;grad;ŠIBENIK;030;BIRAÈKO MJESTO 30;PROSTORIJE O.Š. P. KREŠIMIRA IV;BANA J. JELAÈIÆA 74,  ŠIBENIK;1138;543;543;529;14;310;219
15;ŠIBENSKO-KNINSKA ŽUPANIJA;grad;ŠIBENIK;031;BIRAÈKO MJESTO 31;PROSTORIJE PROMETNO TEHNIÈKE ŠKOLE (EX EKONOMSKA ŠKOLA);KRALJA ZVONIMIRA 2,  ŠIBENIK;700;308;308;300;8;175;125
15;ŠIBENSKO-KNINSKA ŽUPANIJA;grad;ŠIBENIK;032;BIRAÈKO MJESTO 32;KREŠIMIROV DOM;TRG PALIH BRANITELJA DOMOVINSKOG RATA 1,  ŠIBENIK;768;339;339;330;9;172;158
15;ŠIBENSKO-KNINSKA ŽUPANIJA;grad;ŠIBENIK;033;BIRAÈKO MJESTO 33;OSNOVNA ŠKOLA VIDICI;8. DALMATINSKE UDARNE BRIGADE BB, ŠIBENIK;514;211;211;207;4;145;62
15;ŠIBENSKO-KNINSKA ŽUPANIJA;grad;ŠIBENIK;034;BIRAÈKO MJESTO 34;OSNOVNA ŠKOLA VIDICI;8. DALMATINSKE UDARNE BRIGADE BB, ŠIBENIK;551;245;245;242;3;165;77
15;ŠIBENSKO-KNINSKA ŽUPANIJA;grad;ŠIBENIK;035;BIRAÈKO MJESTO 35;OSNOVNA ŠKOLA VIDICI;8. DALMATINSKE UDARNE BRIGADE BB, ŠIBENIK;594;262;262;261;1;161;100
15;ŠIBENSKO-KNINSKA ŽUPANIJA;grad;ŠIBENIK;036;BIRAÈKO MJESTO 36;OSNOVNA ŠKOLA VIDICI;8. DALMATINSKE UDARNE BRIGADE BB, ŠIBENIK;669;281;281;280;1;198;82
15;ŠIBENSKO-KNINSKA ŽUPANIJA;grad;ŠIBENIK;037;BIRAÈKO MJESTO 37;OSNOVNA ŠKOLA VIDICI;8. DALMATINSKE UDARNE BRIGADE BB, ŠIBENIK;672;315;315;308;7;180;128
15;ŠIBENSKO-KNINSKA ŽUPANIJA;grad;ŠIBENIK;038;BIRAÈKO MJESTO 38;PROSTORIJE ŠPORTSKOG KLUBA POLET U ZABLAÆU;ZABLAÆE;661;202;202;196;6;122;74
15;ŠIBENSKO-KNINSKA ŽUPANIJA;grad;ŠIBENIK;039;BIRAÈKO MJESTO 39;PROSTORIJE TURISTIÈKOG UREDA JADRIJA;JADRIJA;224;106;106;105;1;60;45
15;ŠIBENSKO-KNINSKA ŽUPANIJA;grad;ŠIBENIK;040;BIRAÈKO MJESTO 40;ŠKOLSKA ZGRADA U BORAJI;BORAJA BB;214;116;116;114;2;37;77
15;ŠIBENSKO-KNINSKA ŽUPANIJA;grad;ŠIBENIK;041;BIRAÈKO MJESTO 41;PROSTORIJE MJESNOG ODBORA BRODARICA;KRAPANJSKIH SPUŽVARA 4, BRODARICA;736;287;287;283;4;172;111
15;ŠIBENSKO-KNINSKA ŽUPANIJA;grad;ŠIBENIK;042;BIRAÈKO MJESTO 42;OSNOVNA ŠKOLA BRODARICA;GOMLJANIK 100, BRODARICA;846;338;338;331;7;199;132
15;ŠIBENSKO-KNINSKA ŽUPANIJA;grad;ŠIBENIK;043;BIRAÈKO MJESTO 43;OSNOVNA ŠKOLA BRODARICA;GOMLJANIK 100, BRODARICA;972;383;383;375;8;221;154
15;ŠIBENSKO-KNINSKA ŽUPANIJA;grad;ŠIBENIK;044;BIRAÈKO MJESTO 44;ŠKOLSKA ZGRADA U DANILU;DANILO BB;314;150;150;149;1;63;86
15;ŠIBENSKO-KNINSKA ŽUPANIJA;grad;ŠIBENIK;045;BIRAÈKO MJESTO 45;PROSTORIJE ŠKOLSKE ZGRADE U DANILU BIRNJU;DANILO BIRANJ BB;376;150;150;148;2;65;83
15;ŠIBENSKO-KNINSKA ŽUPANIJA;grad;ŠIBENIK;046;BIRAÈKO MJESTO 46;PROSTORIJE ŠKOLSKE ZGRADE U DANILU KRALJICAMA;DANILO KRALJICE BB;106;44;44;44;0;10;34
15;ŠIBENSKO-KNINSKA ŽUPANIJA;grad;ŠIBENIK;047;BIRAÈKO MJESTO 47;PRIVATNA KUÆA VLASNIŠTVO ZVONKA MIŠURE U DONJEM POLJU;VRPOLJAÈKA CESTA 8, DONJE POLJE;236;97;97;97;0;44;53
15;ŠIBENSKO-KNINSKA ŽUPANIJA;grad;ŠIBENIK;048;BIRAÈKO MJESTO 48;PODRUÈNA OSNOVNA ŠKOLA PETRA KREŠIMIRA IV U DUBRAVI KOD ŠIBENIKA;DUBRAVA KOD ŠIBENIKA BB;706;338;338;328;10;171;157
15;ŠIBENSKO-KNINSKA ŽUPANIJA;grad;ŠIBENIK;049;BIRAÈKO MJESTO 49;U PRIVATNOJ KUÆI VLASNIŠTVO IVICE RAKA;RAKOVO SELO 67;293;138;138;135;3;66;69
15;ŠIBENSKO-KNINSKA ŽUPANIJA;grad;ŠIBENIK;050;BIRAÈKO MJESTO 50;MJESNI ODBOR GORIŠ;LABORI 63A, GORIŠ;126;71;71;70;1;19;51
15;ŠIBENSKO-KNINSKA ŽUPANIJA;grad;ŠIBENIK;051;BIRAÈKO MJESTO 51;U PROSTORIJAMA ŠKOLSKE ZGRADE U  GREBAŠTICI;GREBAŠTICA DONJA BB;908;389;389;382;7;210;172
15;ŠIBENSKO-KNINSKA ŽUPANIJA;grad;ŠIBENIK;052;BIRAÈKO MJESTO 52;PROSTORIJE MJESNOG ODBORA JADRTOVAC U JADRTOVCU;JADRTOVAC BB;156;84;84;83;1;46;37
15;ŠIBENSKO-KNINSKA ŽUPANIJA;grad;ŠIBENIK;053;BIRAÈKO MJESTO 53;PROSTORIJE MJESNOG ODBORA KAPRIJE U KAPRIJU;KAPRIJE BB;271;128;128;127;1;60;67
15;ŠIBENSKO-KNINSKA ŽUPANIJA;grad;ŠIBENIK;054;BIRAÈKO MJESTO 54;PROSTORIJE LOVAÈKOG DOMA KRKA U KONJEVRATIMA;KONJEVRATE, KONJEVRATE BB;297;106;106;105;1;44;61
15;ŠIBENSKO-KNINSKA ŽUPANIJA;grad;ŠIBENIK;055;BIRAÈKO MJESTO 55;PROSTORIJE ŠKOLSKE ZGRADE U BRNJICI;BRNJICA BB;70;31;31;31;0;17;14
15;ŠIBENSKO-KNINSKA ŽUPANIJA;grad;ŠIBENIK;056;BIRAÈKO MJESTO 56;PROSTORIJE ŠKOLSKE ZGRADE U KRAPNJU;KRAPANJ BB;259;68;68;66;2;36;30
15;ŠIBENSKO-KNINSKA ŽUPANIJA;grad;ŠIBENIK;057;BIRAÈKO MJESTO 57;U PRIVATNOJ KUÆI VINKA PAŠKALINA (POK. NIKOLE) U LEPENICI;MRDEŽE 5;58;24;24;23;1;7;16
15;ŠIBENSKO-KNINSKA ŽUPANIJA;grad;ŠIBENIK;058;BIRAÈKO MJESTO 58;PROSTORIJE MJESNOG ODBORA LOZOVAC U TROMILJI;TROMILJA BB;351;155;155;152;3;85;67
15;ŠIBENSKO-KNINSKA ŽUPANIJA;grad;ŠIBENIK;059;BIRAÈKO MJESTO 59;PROSTORIJE PODRUÈNE ŠKOLE JURJA DALMATINCA U TROMILJI;TROMILJA BB;250;98;98;96;2;64;32
15;ŠIBENSKO-KNINSKA ŽUPANIJA;grad;ŠIBENIK;060;BIRAÈKO MJESTO 60;OSNOVNA ŠKOLA VRPOLJE, PODRUÈNA ŠKOLA PERKOVIÆ;SITNO DONJE  BB;522;267;267;254;13;98;156
15;ŠIBENSKO-KNINSKA ŽUPANIJA;grad;ŠIBENIK;061;BIRAÈKO MJESTO 61;MJESNA PROSTORIJA U MRAVNICI;MRAVNICA BB;57;49;49;49;0;6;43
15;ŠIBENSKO-KNINSKA ŽUPANIJA;grad;ŠIBENIK;062;BIRAÈKO MJESTO 62;MJESNA PROSTORIJA U SLIVNU  (ERCEZI);SLIVNO - ERCEZI BB;99;52;52;51;1;26;25
15;ŠIBENSKO-KNINSKA ŽUPANIJA;grad;ŠIBENIK;063;BIRAÈKO MJESTO 63;PROSTORIJE MJESNOG ODBORA PODINE;PODINE BB;27;11;11;11;0;3;8
15;ŠIBENSKO-KNINSKA ŽUPANIJA;grad;ŠIBENIK;064;BIRAÈKO MJESTO 64;PROSTORIJE ŠKOLSKE ZGRADE U RASLINI;RASLINA BB;540;255;255;250;5;133;117
15;ŠIBENSKO-KNINSKA ŽUPANIJA;grad;ŠIBENIK;065;BIRAÈKO MJESTO 65;PROSTORIJE OSNOVNE ŠKOLE U VRPOLJU;VRPOLJE BB;680;324;324;320;4;150;170
15;ŠIBENSKO-KNINSKA ŽUPANIJA;grad;ŠIBENIK;066;BIRAÈKO MJESTO 66;PROSTORIJE MJESNOG ODBORA VRSNO U VRSNOM;VRSNO BB;77;44;44;41;3;13;28
15;ŠIBENSKO-KNINSKA ŽUPANIJA;grad;ŠIBENIK;067;BIRAÈKO MJESTO 67;U PROSTORIJAMA VATROGASNOG DOMA U ZATONU;ZATONSKI ŽRTAVA 74 A;927;345;345;339;6;203;136
15;ŠIBENSKO-KNINSKA ŽUPANIJA;grad;ŠIBENIK;068;BIRAÈKO MJESTO 68;U PROSTORIJAMA DOMA KULTURE U ZLARINU;ISPOD LEROJA BB;332;141;141;139;2;89;50
15;ŠIBENSKO-KNINSKA ŽUPANIJA;grad;ŠIBENIK;069;BIRAÈKO MJESTO 69;PROSTORIJE MJESNOG ODBORA ŽABORIÆ U ŽABORIÆU;TUTIKOVA 1;612;278;278;272;6;159;113
15;ŠIBENSKO-KNINSKA ŽUPANIJA;grad;ŠIBENIK;070;BIRAÈKO MJESTO 70;PROSTORIJE MJESNOG ODBORA ŽIRJE U ŽIRJU;TRG BB;228;102;102;100;2;68;32
15;ŠIBENSKO-KNINSKA ŽUPANIJA;grad;VODICE;001;BIRAÈKO MJESTO 1;ZGRADA KULTURNOG CENTRA U VODICAMA;IVE ÈAÆE 8;1119;688;688;675;13;424;251
15;ŠIBENSKO-KNINSKA ŽUPANIJA;grad;VODICE;002;BIRAÈKO MJESTO 2;"ZGRADA OSNOVNE ŠKOLE ""VODICE"" (UÈIONICA BR. I. - PRIZEMLJE)";MIÆIN STANKA BB;1236;630;629;615;14;403;212
15;ŠIBENSKO-KNINSKA ŽUPANIJA;grad;VODICE;003;BIRAÈKO MJESTO 3;"ZGRADA OSNOVNE ŠKOLE ""VODICE"" (UÈIONICA BR. II. - PRIZEMLJE)";MIÆIN STANKA BB;1142;630;630;616;14;376;240
15;ŠIBENSKO-KNINSKA ŽUPANIJA;grad;VODICE;004;BIRAÈKO MJESTO 4;"ZGRADA OSNOVNE ŠKOLE ""VODICE"" (UÈIONICA BR. III. - PRIZEMLJE)";MIÆIN STANKA BB;1228;536;536;525;11;341;184
15;ŠIBENSKO-KNINSKA ŽUPANIJA;grad;VODICE;005;BIRAÈKO MJESTO 5;"ZGRADA OSNOVNE ŠKOLE ""VODICE"" (UÈIONICA BR. IV. - PRIZEMLJE)";MIÆIN STANKA BB;1256;490;490;482;8;270;212
15;ŠIBENSKO-KNINSKA ŽUPANIJA;grad;VODICE;006;BIRAÈKO MJESTO 6;"ZGRADA OSNOVNE ŠKOLE ""VODICE"" (UÈIONICA BR. V. - PRIZEMLJE)";MIÆIN STANKA BB;1327;535;535;526;9;339;187
15;ŠIBENSKO-KNINSKA ŽUPANIJA;grad;VODICE;007;BIRAÈKO MJESTO 7;PROSTORIJE MJESNOG ODBORA SRIMA;SRIMA;992;417;417;406;11;265;141
15;ŠIBENSKO-KNINSKA ŽUPANIJA;grad;VODICE;008;BIRAÈKO MJESTO 8;PROSTOR MJESNOG ODBORA PRVIÆ LUKA (EX DVA BUNARA);PRVIÆ LUKA;202;111;111;109;2;86;23
15;ŠIBENSKO-KNINSKA ŽUPANIJA;grad;VODICE;009;BIRAÈKO MJESTO 9;PROSTOR MJESNOG ODBORA PRVIÆ ŠEPURINE;PRVIÆ ŠEPURINE;289;154;154;152;2;103;49
15;ŠIBENSKO-KNINSKA ŽUPANIJA;grad;VODICE;010;BIRAÈKO MJESTO 10;OSNOVNA ŠKOLA ÈISTA VELIKA;ÈISTA VELIKA;427;240;240;235;5;107;128
15;ŠIBENSKO-KNINSKA ŽUPANIJA;grad;VODICE;011;BIRAÈKO MJESTO 11;EX AMBULANTA U ÈISTOJ MALOJ;ÈISTA MALA;178;65;65;63;2;46;17
15;ŠIBENSKO-KNINSKA ŽUPANIJA;grad;VODICE;012;BIRAÈKO MJESTO 12;OSNOVNA ŠKOLA GAÆELEZI;GAÆELEZI;219;101;101;100;1;29;71
15;ŠIBENSKO-KNINSKA ŽUPANIJA;grad;VODICE;013;BIRAÈKO MJESTO 13;KUÆA VLASNIKA STIPANA BRUSANA;GRABOVCI 18;80;59;59;58;1;17;41
15;ŠIBENSKO-KNINSKA ŽUPANIJA;opæina;BILICE;001;BIRAÈKO MJESTO 1;U ŠKOLSKOJ ZGRADI U BILICAMA;BILICE;1250;462;462;458;4;261;197
15;ŠIBENSKO-KNINSKA ŽUPANIJA;opæina;BILICE;002;BIRAÈKO MJESTO 2;U ŠKOLSKOJ ZGRADI U BILICAMA;BILICE;1021;285;285;285;0;140;145
15;ŠIBENSKO-KNINSKA ŽUPANIJA;opæina;BISKUPIJA;001;BIRAÈKO MJESTO 1;ZGRADA OPÆINE BISKUPIJA;TRG IVANA MEŠTROVIÆA 2, ORLIÆ;190;80;80;79;1;67;12
15;ŠIBENSKO-KNINSKA ŽUPANIJA;opæina;BISKUPIJA;002;BIRAÈKO MJESTO 2;PROSTORIJE MJESNOG ODBORA BISKUPIJA;PUT SVETE TROJICE 6, BISKUPIJA;285;97;97;97;0;80;17
15;ŠIBENSKO-KNINSKA ŽUPANIJA;opæina;BISKUPIJA;003;BIRAÈKO MJESTO 3;PROSTORIJE MJESNOG ODBORA MARKOVAC;CENTAR 84, RIÐANE;81;36;36;36;0;23;13
15;ŠIBENSKO-KNINSKA ŽUPANIJA;opæina;BISKUPIJA;004;BIRAÈKO MJESTO 4;ZGRADA DOMA KULTURE U VRBNIKU;VUKADINI 2, VRBNIK;304;104;104;104;0;96;8
15;ŠIBENSKO-KNINSKA ŽUPANIJA;opæina;BISKUPIJA;005;BIRAÈKO MJESTO 5;PROSTORIJE MJESNOG ODBORA ZVJERINAC;KOD ŽELJEZNIÈKE POSTAJE 16, ZVJERINAC;245;64;64;64;0;58;6
15;ŠIBENSKO-KNINSKA ŽUPANIJA;opæina;BISKUPIJA;006;BIRAÈKO MJESTO 6;PROSTORIJE NOVE O.Š. U RAMLJANIMA;BAÈCI 9, RAMLJANE;114;52;52;50;2;50;0
15;ŠIBENSKO-KNINSKA ŽUPANIJA;opæina;CIVLJANE;001;BIRAÈKO MJESTO 1;OPÆINA CIVLJANE;KOD DOMA 3, CIVLJANE;62;12;12;12;0;8;4
15;ŠIBENSKO-KNINSKA ŽUPANIJA;opæina;CIVLJANE;002;BIRAÈKO MJESTO 2;ZGRADA BIVŠE OSNOVNE ŠKOLE;MILAŠI 47, CETINA;113;32;32;32;0;27;5
15;ŠIBENSKO-KNINSKA ŽUPANIJA;opæina;CIVLJANE;003;BIRAÈKO MJESTO 3;OBITELJSKA KUÆA VELJKA KNEŽEVIÆA;KNEŽEVIÆI 34, CETINA;49;10;10;10;0;10;0
15;ŠIBENSKO-KNINSKA ŽUPANIJA;opæina;ERVENIK;001;BIRAÈKO MJESTO 1;PROSTORIJE MJESNOG ODBORA ERVENIK;ERVENIK;227;71;71;71;0;53;18
15;ŠIBENSKO-KNINSKA ŽUPANIJA;opæina;ERVENIK;002;BIRAÈKO MJESTO 2;PROSTORIJE MJESNOG ODBORA MOKRO POLJE;MOKRO POLJE;128;67;67;64;3;39;25
15;ŠIBENSKO-KNINSKA ŽUPANIJA;opæina;ERVENIK;003;BIRAÈKO MJESTO 3;PROSTORIJE MJESNOG ODBORA RADUÈIÆ;RADUÈIÆ;153;81;81;73;8;56;17
15;ŠIBENSKO-KNINSKA ŽUPANIJA;opæina;ERVENIK;004;BIRAÈKO MJESTO 4;PROSTORIJE MJESNOG ODBORA PAÐENE;PAÐENE;98;51;51;51;0;28;23
15;ŠIBENSKO-KNINSKA ŽUPANIJA;opæina;ERVENIK;005;BIRAÈKO MJESTO 5;PROSTORIJE MJESNOG ODBORA OTON;OTON;83;39;39;39;0;32;7
15;ŠIBENSKO-KNINSKA ŽUPANIJA;opæina;KIJEVO;001;BIRAÈKO MJESTO 1;OSNOVNA ŠKOLA KIJEVO;CENTAR 20, KIJEVO;306;138;138;135;3;54;81
15;ŠIBENSKO-KNINSKA ŽUPANIJA;opæina;KISTANJE;001;BIRAÈKO MJESTO 1;PROSTORIJE OPÆINSKE VIJEÆNICE U NOVOJ ZGRADI OPÆINE;KISTANJE;1361;416;415;411;4;191;220
15;ŠIBENSKO-KNINSKA ŽUPANIJA;opæina;KISTANJE;002;BIRAÈKO MJESTO 2;PROSTORIJE MJESNOG ODBORA ÐEVRSKE;ÐEVRSKE;291;76;76;74;2;65;9
15;ŠIBENSKO-KNINSKA ŽUPANIJA;opæina;KISTANJE;003;BIRAÈKO MJESTO 3;PROSTORIJE MJESNOG ODBORA VARIVODE;VARIVODE;240;70;70;70;0;35;35
15;ŠIBENSKO-KNINSKA ŽUPANIJA;opæina;KISTANJE;004;BIRAÈKO MJESTO 4;PROSTORIJE MJESNOG ODBORA IVOŠEVCI;IVOŠEVCI;267;31;31;31;0;23;8
15;ŠIBENSKO-KNINSKA ŽUPANIJA;opæina;KISTANJE;005;BIRAÈKO MJESTO 5;PROSTORIJE DOMA KULTURE BIOVIÈINO SELO;BIOVIÈINO SELO;267;54;54;54;0;45;9
15;ŠIBENSKO-KNINSKA ŽUPANIJA;opæina;KISTANJE;006;BIRAÈKO MJESTO 6;PROSTORIJE MJESNOG ODBORA NUNIÆ;NUNIÆ;81;32;32;32;0;9;23
15;ŠIBENSKO-KNINSKA ŽUPANIJA;opæina;MURTER - KORNATI;001;BIRAÈKO MJESTO 1;"ZGRADA OSNOVNE ŠKOLE ""MURTERSKI ŠKOJI"" (UÈIONICA BR. 1)";PUT ŠKOLE 10, MURTER;615;247;247;242;5;201;41
15;ŠIBENSKO-KNINSKA ŽUPANIJA;opæina;MURTER - KORNATI;002;BIRAÈKO MJESTO 2;"ZGRADA OSNOVNE ŠKOLE ""MURTERSKI ŠKOJI"" (UÈIONICA BR. 2)";PUT ŠKOLE 10, MURTER;678;320;320;315;5;243;72
15;ŠIBENSKO-KNINSKA ŽUPANIJA;opæina;MURTER - KORNATI;003;BIRAÈKO MJESTO 3;"ZGRADA OSNOVNE ŠKOLE ""MURTERSKI ŠKOJI"" (UÈIONICA BR. 3)";PUT ŠKOLE 10, MURTER;611;342;342;334;8;259;75
15;ŠIBENSKO-KNINSKA ŽUPANIJA;opæina;PIROVAC;001;BIRAÈKO MJESTO 1;OSNOVNA ŠKOLA PIROVAC;PUT ŠKOLE 10;589;189;189;188;1;130;58
15;ŠIBENSKO-KNINSKA ŽUPANIJA;opæina;PIROVAC;002;BIRAÈKO MJESTO 2;URED TURISTIÈKE ZAJEDNICE  OPÆINE PIROVAC;KRALJA KREŠIMIRA IV BR. 6;582;173;173;173;0;124;49
15;ŠIBENSKO-KNINSKA ŽUPANIJA;opæina;PIROVAC;003;BIRAÈKO MJESTO 3;KINO DVORANA PIROVAC;TRG DOMOVINSKOG RATA 18;484;143;143;142;1;86;56
15;ŠIBENSKO-KNINSKA ŽUPANIJA;opæina;PIROVAC;004;BIRAÈKO MJESTO 4;URED MJESNOG ODBORA PUTIÈANJE;PUTIÈANJE;81;37;37;35;2;17;18
15;ŠIBENSKO-KNINSKA ŽUPANIJA;opæina;PIROVAC;005;BIRAÈKO MJESTO 5;URED MJESNOG ODBORA KAŠIÆ;KAŠIÆ;100;50;50;48;2;40;8
15;ŠIBENSKO-KNINSKA ŽUPANIJA;opæina;PRIMOŠTEN;001;BIRAÈKO MJESTO 1;ZGRADA OPÆINE PRIMOŠTEN  (DJEÈJI VRTIÆ);SV. JOSIPA 7;948;485;485;474;11;385;89
15;ŠIBENSKO-KNINSKA ŽUPANIJA;opæina;PRIMOŠTEN;002;BIRAÈKO MJESTO 2;ZGRADA OPÆINE PRIMOŠTEN  (KNJIŽNICA);SV. JOSIPA 7;631;366;366;355;11;289;66
15;ŠIBENSKO-KNINSKA ŽUPANIJA;opæina;PRIMOŠTEN;003;BIRAÈKO MJESTO 3;"DRUŠTVENE PROSTORIJE ""SUPLJAK""";SUPLJAK;687;395;395;385;10;322;63
15;ŠIBENSKO-KNINSKA ŽUPANIJA;opæina;PRIMOŠTEN;004;BIRAÈKO MJESTO 4;"POLJOPRIVREDNA ZADRUGA ""PRIMOŠTEN JUŽNI""";BRATSKI DOLAC;356;229;229;227;2;189;38
15;ŠIBENSKO-KNINSKA ŽUPANIJA;opæina;PROMINA;001;BIRAÈKO MJESTO 1;PROSTORIJE OPÆINE PROMINA U OKLAJU;PUT KROZ OKLAJ 144;414;159;159;156;3;96;60
15;ŠIBENSKO-KNINSKA ŽUPANIJA;opæina;PROMINA;002;BIRAÈKO MJESTO 2;OSNOVNA ŠKOLA U LUKARU;LUKAR;53;27;27;27;0;15;12
15;ŠIBENSKO-KNINSKA ŽUPANIJA;opæina;PROMINA;003;BIRAÈKO MJESTO 3;PRIVATNA KUÆA PLEŠA KRISTIJANA U RAZVOÐU;RAZVOÐE;148;39;39;39;0;21;18
15;ŠIBENSKO-KNINSKA ŽUPANIJA;opæina;PROMINA;004;BIRAÈKO MJESTO 4;PRIVATNA KUÆA ZORAN BRODIÆ U ÈITLUKU;ÈITLUK, BRONIÆI GOJÈETE 8;238;82;82;82;0;33;49
15;ŠIBENSKO-KNINSKA ŽUPANIJA;opæina;PROMINA;005;BIRAÈKO MJESTO 5;PRODAVAONICA DRAŽENA GREGUREVIÆA U MATASIMA;MATASE;35;11;11;10;1;8;2
15;ŠIBENSKO-KNINSKA ŽUPANIJA;opæina;ROGOZNICA;001;BIRAÈKO MJESTO 1;DOM MATICE HRVATSKE U ROGOZNICI;ROGOZNICA;307;160;160;154;6;99;55
15;ŠIBENSKO-KNINSKA ŽUPANIJA;opæina;ROGOZNICA;002;BIRAÈKO MJESTO 2;"PROSTORIJE OSNOVNE ŠKOLE ""ROGOZNICA""";ULICA ANTE STARÈEVIÆA 76;1168;548;548;533;15;272;261
15;ŠIBENSKO-KNINSKA ŽUPANIJA;opæina;ROGOZNICA;003;BIRAÈKO MJESTO 3;PROSTORIJE U PRIZEMLJU OBITELJSKE KUÆE VLASNIKA STJEPANA HUTINSKOG U PODGLAVICI;STUPIN 3;379;192;192;187;5;92;95
15;ŠIBENSKO-KNINSKA ŽUPANIJA;opæina;ROGOZNICA;004;BIRAÈKO MJESTO 4;PROSTORIJE MJESNOG ODBORA U DVORNICAMA (BIVŠA MJESNA ZAJEDNICA);DVORNICE;252;126;126;123;3;65;58
15;ŠIBENSKO-KNINSKA ŽUPANIJA;opæina;ROGOZNICA;005;BIRAÈKO MJESTO 5;PROSTORIJE POSLOVNOG OBJEKTA U PRIZEMLJU OBITELJSKE KUÆE VLASNIKA ANTE LOVRIÆA U RAŽNJU;RAŽANJ 2;258;113;113;112;1;61;51
15;ŠIBENSKO-KNINSKA ŽUPANIJA;opæina;ROGOZNICA;006;BIRAÈKO MJESTO 6;PROSTORIJE MJESNOG ODBORA U PODORLJAKU (BIVŠA MJESNA ZAJEDNICA);PODORLJAK;125;83;83;81;2;26;55
15;ŠIBENSKO-KNINSKA ŽUPANIJA;opæina;ROGOZNICA;007;BIRAÈKO MJESTO 7;PROSTORIJE POLJOPRIVREDNE ZADRUGE SAPINA DOCA;SAPINA DOCA;88;54;54;53;1;23;30
15;ŠIBENSKO-KNINSKA ŽUPANIJA;opæina;RUŽIÆ;001;BIRAÈKO MJESTO 1;PROSTORIJE OPÆINE RUŽIÆ U GRADCU;PUT KROZ GRADAC 25;411;178;178;178;0;63;115
15;ŠIBENSKO-KNINSKA ŽUPANIJA;opæina;RUŽIÆ;002;BIRAÈKO MJESTO 2;PROSTORIJA OŠ ANTUNA MIHANOVIÆA PETROPOLJSKOG PO ÈAVOGLAVE;KOD ŠKOLE 1;254;96;96;95;1;24;71
15;ŠIBENSKO-KNINSKA ŽUPANIJA;opæina;RUŽIÆ;003;BIRAÈKO MJESTO 3;"PROSTORIJE LOVAÈKOG DRUŠTVA ""SOKOL"" U KLJACIMA";KLJACI;292;73;73;73;0;28;45
15;ŠIBENSKO-KNINSKA ŽUPANIJA;opæina;RUŽIÆ;004;BIRAÈKO MJESTO 4;OBITELJSKA KUÆA ŽELJKA DUGEÈA U RUŽIÆU;UZ CESTU 13;261;117;117;115;2;35;80
15;ŠIBENSKO-KNINSKA ŽUPANIJA;opæina;TISNO;001;BIRAÈKO MJESTO 1;ZGRADA OPÆINE TISNO (NARODNA KNJIŽNICA I ÈITAONICA TISNO - ULAZ S OBALE SV. MARTINA 1);USKA ULICA 1;416;235;235;229;6;160;69
15;ŠIBENSKO-KNINSKA ŽUPANIJA;opæina;TISNO;002;BIRAÈKO MJESTO 2;PROSTORIJA DRUŠTVENOG DOMA U TISNOM;ZAPADNA GOMILICA 3;871;425;425;405;20;301;104
15;ŠIBENSKO-KNINSKA ŽUPANIJA;opæina;TISNO;003;BIRAÈKO MJESTO 3;PROSTORIJA MJESNOG ODBORA U  DUBRAVI KOD TISNA;DUBRAVA KOD TISNA;156;75;75;72;3;47;25
15;ŠIBENSKO-KNINSKA ŽUPANIJA;opæina;TISNO;004;BIRAÈKO MJESTO 4;ZGRADA BIVŠE PODRUÈNE ŠKOLE U DAZLINI;MATEŠIÆI 14 A;49;26;26;26;0;9;17
15;ŠIBENSKO-KNINSKA ŽUPANIJA;opæina;TISNO;005;BIRAÈKO MJESTO 5;ZGRADA PREZENTACIJSKOG CENTRA U BETINI (DRUŠTVENI DOM U BETINI);TRG NA MORU 1;717;417;417;407;10;279;128
15;ŠIBENSKO-KNINSKA ŽUPANIJA;opæina;TISNO;006;BIRAÈKO MJESTO 6;ZGRADA PODRUÈNE OSNOVNE ŠKOLE U JEZERIMA;GORNJI PUT 1;775;479;479;470;9;369;101
15;ŠIBENSKO-KNINSKA ŽUPANIJA;opæina;TRIBUNJ;001;BIRAÈKO MJESTO 1;"OSNOVNA ŠKOLA ""TRIBUNJ""";V. NAZORA 6;699;337;337;336;1;269;67
15;ŠIBENSKO-KNINSKA ŽUPANIJA;opæina;TRIBUNJ;002;BIRAÈKO MJESTO 2;"PROSTOR ""TURISTIÈKE ZAJEDNICE OPÆINE TRIBUNJ""";BADNJE BB;232;127;127;127;0;86;41
15;ŠIBENSKO-KNINSKA ŽUPANIJA;opæina;TRIBUNJ;003;BIRAÈKO MJESTO 3;"PROSTOR ""KULTURNE UDRUGE TRIBUNJ""";GORNJA RIVA 2;652;325;325;324;1;240;84
15;ŠIBENSKO-KNINSKA ŽUPANIJA;opæina;UNEŠIÆ;001;BIRAÈKO MJESTO 1;"""DOM KULTURE"" U UNEŠIÆU";UNEŠIÆ;249;163;163;158;5;54;104
15;ŠIBENSKO-KNINSKA ŽUPANIJA;opæina;UNEŠIÆ;002;BIRAÈKO MJESTO 2;"OSNOVNA ŠKOLA  ""KOPRNO""";KOPRNO;120;93;93;93;0;13;80
15;ŠIBENSKO-KNINSKA ŽUPANIJA;opæina;UNEŠIÆ;003;BIRAÈKO MJESTO 3;"OSNOVNA ŠKOLA  ""PLANJANI GORNJI""";PLANJANI GORNJI;110;48;48;48;0;21;27
15;ŠIBENSKO-KNINSKA ŽUPANIJA;opæina;UNEŠIÆ;004;BIRAÈKO MJESTO 4;"OSNOVNA ŠKOLA  ""MIRLOVIÆ ZAGORA""";MIRLOVIÆ ZAGORA;373;231;231;231;0;62;169
15;ŠIBENSKO-KNINSKA ŽUPANIJA;opæina;UNEŠIÆ;005;BIRAÈKO MJESTO 5;"OSNOVNA ŠKOLA  ""OSTROGAŠICA""";OSTROGAŠICA;73;60;60;60;0;7;53
15;ŠIBENSKO-KNINSKA ŽUPANIJA;opæina;UNEŠIÆ;006;BIRAÈKO MJESTO 6;"""DRUŠTVENI DOM ÈVRLJEVO"", ÈVRLJEVO";GORNJI BOŽIÆI BB;56;31;31;30;1;13;17
15;ŠIBENSKO-KNINSKA ŽUPANIJA;opæina;UNEŠIÆ;007;BIRAÈKO MJESTO 7;"PROSTORIJE ""MJESNOG ODBORA"" - KOD TELEFONSKE CENTRALE U VINOVU GORNJEM";VINOVO GORNJE;22;18;18;18;0;1;17
15;ŠIBENSKO-KNINSKA ŽUPANIJA;opæina;UNEŠIÆ;008;BIRAÈKO MJESTO 8;"OSNOVNA ŠKOLA ""VINOVO DONJE"" U VINOVU DONJEM";VINOVO DONJE;56;25;25;24;1;3;21
15;ŠIBENSKO-KNINSKA ŽUPANIJA;opæina;UNEŠIÆ;009;BIRAÈKO MJESTO 9;"OSNOVNA ŠKOLA ""UTORE GORNJE""";UTORE GORNJE;42;34;34;34;0;12;22
15;ŠIBENSKO-KNINSKA ŽUPANIJA;opæina;UNEŠIÆ;010;BIRAÈKO MJESTO 10;"PROSTORIJA ""UNEŠÆANKE"" U NEVESTU";NEVEST;102;87;87;85;2;17;68
15;ŠIBENSKO-KNINSKA ŽUPANIJA;opæina;UNEŠIÆ;011;BIRAÈKO MJESTO 11;"OSNOVNA ŠKOLA ""VISOKA"" U VISOKOJ";VISOKA;35;27;27;27;0;6;21
