Rbr.županije;Županija;Oznaka GROP;Grad/opæina;Rbr BM;Naziv BM;Lokacija BM;Adresa BM;Ukupno biraèa;Glasovalo biraèa;Glasovalo biraèa (po listiæima);Važeæi listiæi;Nevažeæi listiæi;HRVATSKA DEMOKRATSKA ZAJEDNICA - HDZ
07;BJELOVARSKO-BILOGORSKA ŽUPANIJA;opæina;BEREK;001;BEREK;MJESNI DOM BEREK;BEREK 77 A;345;140;140;129;11;129
07;BJELOVARSKO-BILOGORSKA ŽUPANIJA;opæina;BEREK;002;POTOK;MJESNI DOM POTOK;POTOK 15;42;21;21;18;3;18
07;BJELOVARSKO-BILOGORSKA ŽUPANIJA;opæina;BEREK;003;RUŠKOVAC;MJESNI DOM RUŠKOVAC;RUŠKOVAC 38;74;44;44;39;5;39
07;BJELOVARSKO-BILOGORSKA ŽUPANIJA;opæina;BEREK;004;ŠIMLJANICA;MJESNI DOM ŠIMLJANICA;ŠIMLJANICA 53;85;28;28;17;11;17
07;BJELOVARSKO-BILOGORSKA ŽUPANIJA;opæina;BEREK;005;ŠIMLJANA;MJESNI DOM ŠIMLJANA;ŠIMLJANA 30;71;29;29;23;6;23
07;BJELOVARSKO-BILOGORSKA ŽUPANIJA;opæina;BEREK;006;PODGARIÆ;MJESNI DOM PODGARIÆ;PODGARIÆ 24 B;33;16;16;16;0;16
07;BJELOVARSKO-BILOGORSKA ŽUPANIJA;opæina;BEREK;007;NOVO SELO GAREŠNIÈKO;MJESNI DOM NOVO SELO GAREŠNIÈKO;NOVO SELO GAREŠNIÈKO 28 A;33;21;21;19;2;19
07;BJELOVARSKO-BILOGORSKA ŽUPANIJA;opæina;BEREK;008;GORNJA GAREŠNICA;MJESNI DOM GORNJA GAREŠNICA;GORNJA GAREŠNICA 36;118;45;45;39;6;39
07;BJELOVARSKO-BILOGORSKA ŽUPANIJA;opæina;BEREK;009;ŠIMLJANIK;MJESNI DOM ŠIMLJANIK;ŠIMLJANIK 22;24;14;14;13;1;13
07;BJELOVARSKO-BILOGORSKA ŽUPANIJA;opæina;BEREK;010;KOSTANJEVAC;MJESNI DOM KOSTANJEVAC;KOSTANJEVAC 93;92;24;24;23;1;23
07;BJELOVARSKO-BILOGORSKA ŽUPANIJA;opæina;BEREK;011;BEGOVAÈA;MJESNI DOM BEGOVAÈA;BEGOVAÈA 27;24;13;13;13;0;13
07;BJELOVARSKO-BILOGORSKA ŽUPANIJA;opæina;BEREK;012;OŠTRI ZID;MJESNI DOM OŠTRI ZID;OŠTRI ZID 37 A;81;52;52;42;10;42
07;BJELOVARSKO-BILOGORSKA ŽUPANIJA;opæina;BEREK;013;KRIVAJA;MJESNI DOM KRIVAJA;KRIVAJA 18;33;25;25;25;0;25
