Rbr.županije;Županija;Oznaka GROP;Grad/opæina;Rbr BM;Naziv BM;Lokacija BM;Adresa BM;Ukupno biraèa;Glasovalo biraèa;Glasovalo biraèa (po listiæima);Važeæi listiæi;Nevažeæi listiæi;SLAVKO PRIŠÆAN
07;BJELOVARSKO-BILOGORSKA ŽUPANIJA;opæina;ROVIŠÆE;001;ROVIŠÆE;DRUŠTVENI DOM (VELIKA DVORANA);TRG HRVATSKIH BRANITELJA 2;964;428;428;354;74;354
07;BJELOVARSKO-BILOGORSKA ŽUPANIJA;opæina;ROVIŠÆE;002;PREDAVAC;DRUŠTVENI DOM PREDAVAC;TRG HRVATSKIH GRANIÈARA 25;990;425;425;406;19;406
07;BJELOVARSKO-BILOGORSKA ŽUPANIJA;opæina;ROVIŠÆE;003;PREKOBRDO;DRUŠTVENI DOM;PREKOBRDO 100;96;35;35;33;2;33
07;BJELOVARSKO-BILOGORSKA ŽUPANIJA;opæina;ROVIŠÆE;004;DOMANKUŠ;DRUŠTVENI DOM;DOMANKUŠ 44;195;68;68;61;7;61
07;BJELOVARSKO-BILOGORSKA ŽUPANIJA;opæina;ROVIŠÆE;005;GORNJE ROVIŠÆE;DRUŠTVENI DOM;GORNJE ROVIŠÆE 44;72;24;24;21;3;21
07;BJELOVARSKO-BILOGORSKA ŽUPANIJA;opæina;ROVIŠÆE;006;KAKINAC;VATROGASNI DOM;KAKINAC 32;47;23;23;23;0;23
07;BJELOVARSKO-BILOGORSKA ŽUPANIJA;opæina;ROVIŠÆE;007;KOVAÈEVAC;VATROGASNI DOM;KOVAÈEVAC 29;143;32;32;30;2;30
07;BJELOVARSKO-BILOGORSKA ŽUPANIJA;opæina;ROVIŠÆE;008;PODGORCI;DRUŠTVENI DOM;PODGORCI 68;328;138;138;124;14;124
07;BJELOVARSKO-BILOGORSKA ŽUPANIJA;opæina;ROVIŠÆE;009;TUK;VATROGASNI DOM;TUK 69;289;93;93;84;9;84
07;BJELOVARSKO-BILOGORSKA ŽUPANIJA;opæina;ROVIŠÆE;010;ŽABJAK;VATROGASNI DOM;ŽABJAK 40;350;119;119;111;8;111
07;BJELOVARSKO-BILOGORSKA ŽUPANIJA;opæina;ROVIŠÆE;011;KRALJEVAC;VATROGASNI DOM;KRALJEVAC 292;335;99;99;90;9;90
07;BJELOVARSKO-BILOGORSKA ŽUPANIJA;opæina;ROVIŠÆE;012;LIPOVÈANI;PRIVATNA KUÆA JOSIPA TUNIÆA;LIPOVÈANI 14;38;22;22;22;0;22
