Rbr.županije;Županija;Oznaka GROP;Grad/opæina;Rbr BM;Naziv BM;Lokacija BM;Adresa BM;Ukupno biraèa;Glasovalo biraèa;Glasovalo biraèa (po listiæima);Važeæi listiæi;Nevažeæi listiæi;ZLATKO KOMADINA;GARI CAPPELLI
08;PRIMORSKO-GORANSKA ŽUPANIJA;grad;BAKAR;001;BAKAR;"PROSTORIJE DOMA KULTURE ""MATIJA MAŽIÆ""";PALADA BB;1249;240;240;233;7;114;119
08;PRIMORSKO-GORANSKA ŽUPANIJA;grad;BAKAR;002;KRASICA;PROSTORIJE MJESNOG ODBORA KRASICA;KRASICA 230A;1217;232;232;225;7;125;100
08;PRIMORSKO-GORANSKA ŽUPANIJA;grad;BAKAR;003;ŠKRLJEVO;PROSTORIJE DOMA KULTURE ŠKRLJEVO;ŠKRLJEVO 191;1106;258;258;256;2;127;129
08;PRIMORSKO-GORANSKA ŽUPANIJA;grad;BAKAR;004;KUKULJANOVO;PROSTORIJE DOMA KULTURE KUKULJANOVO;KUKULJANOVO 205B;855;215;215;212;3;108;104
08;PRIMORSKO-GORANSKA ŽUPANIJA;grad;BAKAR;005;HRELJIN;PROSTORIJE DOMA KULTURE HRELJIN;HRELJIN 119;1262;300;300;291;9;143;148
08;PRIMORSKO-GORANSKA ŽUPANIJA;grad;BAKAR;006;HRELJIN;"PROSTORIJE NK ""NAPRIJED""";HRELJIN, MEJA GAJ BB;631;135;135;133;2;72;61
08;PRIMORSKO-GORANSKA ŽUPANIJA;grad;BAKAR;007;ZLOBIN;PROSTORIJE DOMA KULTURE ZLOBIN;ZLOBIN 157;260;104;104;102;2;45;57
08;PRIMORSKO-GORANSKA ŽUPANIJA;grad;BAKAR;008;PRAPUTNJAK;PROSTORIJE PODRUÈNE ŠKOLE PRAPUTNJAK;PRAPUTNJAK 101;480;160;160;153;7;68;85
08;PRIMORSKO-GORANSKA ŽUPANIJA;grad;CRES;001;CRES;GRADSKA VIJEÆNICA CRES;CRES, CRESKOG STATUTA 15;522;300;300;288;12;196;92
08;PRIMORSKO-GORANSKA ŽUPANIJA;grad;CRES;002;CRES;"GRADSKA KNJIŽNICA I ÈITAONICA ""FRANE PETRIÆA""";CRES, TRG SV. FRANE 8;497;320;320;309;11;186;123
08;PRIMORSKO-GORANSKA ŽUPANIJA;grad;CRES;003;CRES;OSNOVNA ŠKOLA FRANE PETRIÆA;CRES, ŠETALIŠTE 20. TRAVNJA 56;489;284;284;275;9;169;106
08;PRIMORSKO-GORANSKA ŽUPANIJA;grad;CRES;004;CRES;DOM ZA ODGOJ DJECE;CRES, JADRANSKA OBALA 15;608;400;400;391;9;258;133
08;PRIMORSKO-GORANSKA ŽUPANIJA;grad;CRES;005;BELI;PROSTOR MJESNOG ODBORA BELI;BELI;177;78;78;77;1;41;36
08;PRIMORSKO-GORANSKA ŽUPANIJA;grad;CRES;006;ORLEC;ORLEC;ORLEC 3;102;65;65;62;3;42;20
08;PRIMORSKO-GORANSKA ŽUPANIJA;grad;CRES;007;VALUN;TURIST BIRO;VALUN;83;48;48;48;0;27;21
08;PRIMORSKO-GORANSKA ŽUPANIJA;grad;CRES;008;MARTINŠÆICA;PROSTOR MJESNOG ODBORA;MARTINŠÆICA;247;126;126;122;4;74;48
08;PRIMORSKO-GORANSKA ŽUPANIJA;grad;CRIKVENICA;001;CRIKVENICA;"""THALASSOTHERAPIA""";CRIKVENICA, GAJEVO ŠETALIŠTE 21;752;321;321;314;7;194;120
08;PRIMORSKO-GORANSKA ŽUPANIJA;grad;CRIKVENICA;002;CRIKVENICA;ZGRADA GRADA CRIKVENICE;CRIKVENICA, KRALJA TOMISLAVA 85;1139;468;468;452;16;276;176
08;PRIMORSKO-GORANSKA ŽUPANIJA;grad;CRIKVENICA;003;CRIKVENICA;"OSNOVNA ŠKOLA ""V.NAZORA""";CRIKVENICA,VINODOLSKA 12;1023;441;441;421;20;206;215
08;PRIMORSKO-GORANSKA ŽUPANIJA;grad;CRIKVENICA;004;CRIKVENICA;ZGRADA GRADSKE VIJEÆNICE (STARA ŠKOLA);CRIKVENICA, VINODOLSKA 1;831;345;345;334;11;186;148
08;PRIMORSKO-GORANSKA ŽUPANIJA;grad;CRIKVENICA;005;CRIKVENICA;"SREDNJA ŠKOLA ""DR. A. BARCA""";CRIKVENICA, ZIDARSKA 4;1611;690;690;664;26;346;318
08;PRIMORSKO-GORANSKA ŽUPANIJA;grad;CRIKVENICA;006;CRIKVENICA;"SREDNJA ŠKOLA ""DR. A. BARCA""";CRIKVENICA, ZIDARSKA 4;1628;658;655;631;24;369;262
08;PRIMORSKO-GORANSKA ŽUPANIJA;grad;CRIKVENICA;007;DRAMALJ;"""ZADRUŽNI DOM""";DRAMALJ, DRAMALJSKO SELCE 30;1777;622;621;614;7;386;228
08;PRIMORSKO-GORANSKA ŽUPANIJA;grad;CRIKVENICA;008;JADRANOVO;DOM KULTURE JADRANOVO;JADRANOVO, IVANA GORANA KOVAÈIÆA 1;1336;455;455;438;17;224;214
08;PRIMORSKO-GORANSKA ŽUPANIJA;grad;CRIKVENICA;009;SELCE;PODRUÈNA ŠKOLA SELCE;SELCE, ANDRIJE ANTIÆA 33;1577;617;616;601;15;339;262
08;PRIMORSKO-GORANSKA ŽUPANIJA;grad;ÈABAR;001;BIRAÈKO MJESTO BR. 1 U ÈABRU;VIJEÆNICA GRADA ÈABRA U ÈABRU;NARODNOG OSLOBOÐENJA 2, ÈABAR;624;350;350;340;10;220;120
08;PRIMORSKO-GORANSKA ŽUPANIJA;grad;ÈABAR;002;BIRAÈKO MJESTO BR. 2 U PREZIDU;ZGRADA OSNOVNE ŠKOLE U PREZIDU;GORANSKA 103, PREZID;742;414;414;398;16;266;132
08;PRIMORSKO-GORANSKA ŽUPANIJA;grad;ÈABAR;003;BIRAÈKO MJESTO BR. 3 U TRŠÆU;ZGRADA DRUŠTVENOG DOMA U TRŠÆU;ŠKOLSKA 1, TRŠÆE;782;493;493;474;19;290;184
08;PRIMORSKO-GORANSKA ŽUPANIJA;grad;ÈABAR;004;BIRAÈKO MJESTO BR. 4 U GEROVU;ZGRADA OSNOVNE ŠKOLE U GEROVU;ZAGREBAÈKA 2, GEROVO;907;518;518;503;15;324;179
08;PRIMORSKO-GORANSKA ŽUPANIJA;grad;ÈABAR;005;BIRAÈKO MJESTO BR. 5 U PLEŠCIMA;ZGRADA DRUŠTVENOG DOMA U PLEŠCIMA;ANTUNA MUHVIÆA 1, PLEŠCE;270;171;171;166;5;113;53
08;PRIMORSKO-GORANSKA ŽUPANIJA;grad;DELNICE;001;BIRAÈKO MJESTO BR. 1;"ZGRADA PODRUÈNE OŠ ""I.G. KOVAÈIÆA"" CRNI LUG";CRNI LUG, I.G. KOVAÈIÆA 2;320;149;149;149;0;96;53
08;PRIMORSKO-GORANSKA ŽUPANIJA;grad;DELNICE;002;BIRAÈKO MJESTO BR. 2;ZGRADA MGP LUÈICE;LUÈICE, LUÈIÆKA CESTA 1;291;71;71;70;1;50;20
08;PRIMORSKO-GORANSKA ŽUPANIJA;grad;DELNICE;003;BIRAÈKO MJESTO BR. 3;ZGRADA RADNIÈKOG DOMA DELNICE;DELNICE, ŠKOLSKA 24;1126;522;522;508;14;306;202
08;PRIMORSKO-GORANSKA ŽUPANIJA;grad;DELNICE;004;BIRAÈKO MJESTO BR. 4;ZGRADA SUDA DELNICE;DELNICE, TINA UJEVIÆA 1;1229;494;494;476;18;322;154
08;PRIMORSKO-GORANSKA ŽUPANIJA;grad;DELNICE;005;BIRAÈKO MJESTO BR. 5;ZGRADA ŠUMARIJE DELNICE;DELNICE, PETRA KREŠIMIRA IV  53;1288;561;561;550;11;351;199
08;PRIMORSKO-GORANSKA ŽUPANIJA;grad;DELNICE;006;BIRAÈKO MJESTO BR. 6;"ZGRADA OSNOVNE ŠKOLE ""F.K.FRANKOPANA""  BROD NA KUPI";BROD NA KUPI, KRALJA TOMISLAVA 17 A;369;117;117;112;5;81;31
08;PRIMORSKO-GORANSKA ŽUPANIJA;grad;DELNICE;007;BIRAÈKO MJESTO BR. 7;ZGRADA OSNOVNE ŠKOLE TURKE;TURKE, TURKE 19;133;56;56;55;1;44;11
08;PRIMORSKO-GORANSKA ŽUPANIJA;grad;KASTAV;001;KASTAV;DOM BRAÆE MATEŠIÆ;ŠPOROVA JAMA 2;878;207;207;205;2;138;67
08;PRIMORSKO-GORANSKA ŽUPANIJA;grad;KASTAV;002;KASTAV;PROSTORIJA DRUŠTVENOG DOMA BRNÈIÆI;BRNÈIÆI 66;1133;218;218;213;5;132;81
08;PRIMORSKO-GORANSKA ŽUPANIJA;grad;KASTAV;003;KASTAV;PROSTORIJA U PRIZEMLJU ZGRADE (MO REŠETARI);ŠTIVAR 13;2260;453;453;438;15;247;191
08;PRIMORSKO-GORANSKA ŽUPANIJA;grad;KASTAV;004;KASTAV;"PROSTORIJA GLAZBENOG DOMA ""DR. VOJKO VLAH""";SPINÈIÆI 47;1707;358;358;344;14;198;146
08;PRIMORSKO-GORANSKA ŽUPANIJA;grad;KASTAV;005;KASTAV;PROSTORIJA DRUŠTVENOG DOMA BRAÆE MILIH (PRIZEMLJE);RUBEŠI 65;1605;321;321;315;6;187;128
08;PRIMORSKO-GORANSKA ŽUPANIJA;grad;KASTAV;006;KASTAV;PROSTORIJA DRUŠTVENOG DOMA BRAÆE MILIH (SUTEREN);RUBEŠI 65;957;223;223;221;2;112;109
08;PRIMORSKO-GORANSKA ŽUPANIJA;grad;KASTAV;007;KASTAV;PROSTORIJA ŠKOLSKE SPORTSKE DVORANE;STRAŽNICA 2;855;201;201;197;4;138;59
08;PRIMORSKO-GORANSKA ŽUPANIJA;grad;KRALJEVICA;001;KRALJEVICA;I KAT - VIJEÆNICA;FRANKOPANSKA 1A;1166;283;283;281;2;129;152
08;PRIMORSKO-GORANSKA ŽUPANIJA;grad;KRALJEVICA;002;KRALJEVICA;DOM KULTURE I SPORTA, PROSTORIJA UDRUGE UMIROVLJENIKA;STROSSMAYEROVA 29;1187;235;235;227;8;116;111
08;PRIMORSKO-GORANSKA ŽUPANIJA;grad;KRALJEVICA;003;BAKARAC;PROSTORIJE DRUŠTVENOG DOMA;BAKARAC 8;265;92;92;91;1;49;42
08;PRIMORSKO-GORANSKA ŽUPANIJA;grad;KRALJEVICA;004;KRIŽIŠÆE;PROSTORIJE DRUŠTVENOG DOMA;KRIŽIŠÆE 27;386;135;135;132;3;49;83
08;PRIMORSKO-GORANSKA ŽUPANIJA;grad;KRALJEVICA;005;ŠMRIKA;"PROSTORIJE DRUŠTVENOG  DOMA ""IVICA TURINA""";BURIÆEVA 38;906;230;230;222;8;114;108
08;PRIMORSKO-GORANSKA ŽUPANIJA;grad;KRK;001;KRK;GALERIJA DECUMANUS;KRK, J.J.STROSSMAYERA BB;839;119;119;114;5;65;49
08;PRIMORSKO-GORANSKA ŽUPANIJA;grad;KRK;002;KRK;MALA VIJEÆNICA GRADA KRKA;KRK, TRG JOSIPA BANA JELAÈIÆA BR.2;728;103;103;103;0;58;45
08;PRIMORSKO-GORANSKA ŽUPANIJA;grad;KRK;003;KRK;VELIKA VIJEÆ. GRADA KRKA - I DIO;KRK, TRG JOSIPA BANA JELAÈIÆA BR.2;1007;179;179;177;2;111;66
08;PRIMORSKO-GORANSKA ŽUPANIJA;grad;KRK;004;KRK;VELIKA VIJEÆ. GRADA KRKA - II DIO;KRK, TRG JOSIPA BANA JELAÈIÆA BR.2;1138;170;170;169;1;112;57
08;PRIMORSKO-GORANSKA ŽUPANIJA;grad;KRK;005;KORNIÆ;MJESNI DOM KORNIÆ;KORNIÆ;565;96;96;94;2;66;28
08;PRIMORSKO-GORANSKA ŽUPANIJA;grad;KRK;006;VRH;MJESNI DOM VRH;VRH;857;103;103;100;3;57;43
08;PRIMORSKO-GORANSKA ŽUPANIJA;grad;KRK;007;PINEZIÆI;MJESNI DOM PINEZIÆI;PINEZIÆI;437;125;125;124;1;79;45
08;PRIMORSKO-GORANSKA ŽUPANIJA;grad;KRK;008;MILOHNIÆI;MJESNI DOM MILOHNIÆI;MILOHNIÆI;430;83;83;82;1;63;19
08;PRIMORSKO-GORANSKA ŽUPANIJA;grad;KRK;009;POLJICA;ŠKOLA POLJICA;POLJICA 14;417;96;96;95;1;48;47
08;PRIMORSKO-GORANSKA ŽUPANIJA;grad;MALI LOŠINJ;001;MALI LOŠINJ;GRAD MALI LOŠINJ;MALI LOŠINJ, RIVA LOŠINJSKIH KAPETANA 7;872;402;402;390;12;209;181
08;PRIMORSKO-GORANSKA ŽUPANIJA;grad;MALI LOŠINJ;002;MALI LOŠINJ;MUZEJ APOKSIOMENA;MALI LOŠINJ, RIVA LOŠINJSKIH KAPETANA 13;814;380;380;367;13;223;144
08;PRIMORSKO-GORANSKA ŽUPANIJA;grad;MALI LOŠINJ;003;MALI LOŠINJ;VODOOPSKRBA I ODVODNJA CRES LOŠINJ D.O.O.;MALI LOŠINJ, TRG ŽRTAVA FAŠIZMA 6;1044;548;548;531;17;268;263
08;PRIMORSKO-GORANSKA ŽUPANIJA;grad;MALI LOŠINJ;004;MALI LOŠINJ;UDRUGA UMIROVLJENIKA GRADA MALOG LOŠINJA;MALI LOŠINJ, BRAÆE IVANA I STJEPANA VIDULIÆA 14;1428;717;717;679;38;360;319
08;PRIMORSKO-GORANSKA ŽUPANIJA;grad;MALI LOŠINJ;005;MALI LOŠINJ;POSLOVNI PROSTOR BIVŠE POSLOVNICE OTP BANKE;MALI LOŠINJ, CRESKA 3;1144;581;581;570;11;304;266
08;PRIMORSKO-GORANSKA ŽUPANIJA;grad;MALI LOŠINJ;006;VELI LOŠINJ;PROSTORIJA MJESNOG ODBORA;VELI LOŠINJ, OBALA MARŠALA TITA 36;819;332;332;321;11;208;113
08;PRIMORSKO-GORANSKA ŽUPANIJA;grad;MALI LOŠINJ;007;ILOVIK;ILOVIK - PROSTORIJA MJESNOG ODBORA;ILOVIK;135;63;63;63;0;10;53
08;PRIMORSKO-GORANSKA ŽUPANIJA;grad;MALI LOŠINJ;008;SUSAK;SUSAK - PROSTORIJE MJESNOG ODBORA - DOM ISELJENIKA;SUSAK;256;69;69;68;1;29;39
08;PRIMORSKO-GORANSKA ŽUPANIJA;grad;MALI LOŠINJ;009;UNIJE;UNIJE - PROSTORIJA OSNOVNE ŠKOLE;UNIJE;117;41;41;36;5;26;10
08;PRIMORSKO-GORANSKA ŽUPANIJA;grad;MALI LOŠINJ;010;ÆUNSKI;ÆUNSKI - PROSTORIJE MJESNOG ODBORA;ÆUNSKI BR. 23;312;156;156;151;5;83;68
08;PRIMORSKO-GORANSKA ŽUPANIJA;grad;MALI LOŠINJ;011;NEREZINE;"NEREZINE - PROSTORIJA ""GRADSKE VIJEÆNICE""";NEREZINE, TRG STUDENAC;532;233;233;225;8;122;103
08;PRIMORSKO-GORANSKA ŽUPANIJA;grad;MALI LOŠINJ;012;PUNTA KRIŽA;PUNTA KRIŽA - PROSTORIJA OSNOVNE ŠKOLE;PUNTA KRIŽA;65;31;31;30;1;15;15
08;PRIMORSKO-GORANSKA ŽUPANIJA;grad;MALI LOŠINJ;013;BELEJ;"BELEJ - PROSTORIJA ""ZADRUŽNOG DOMA""";BELEJ;81;46;46;44;2;22;22
08;PRIMORSKO-GORANSKA ŽUPANIJA;grad;NOVI VINODOLSKI;001;BIRAÈKO MJESTO BR. 1;PROSTORIJE MJESNOG ODBORA KLENOVICA;KLENOVICA, OMLADINSKI PRILAZ 2;528;170;170;166;4;55;111
08;PRIMORSKO-GORANSKA ŽUPANIJA;grad;NOVI VINODOLSKI;002;BIRAÈKO MJESTO BR. 2;PROSTOR RECEPCIJE U BIVŠEM TURISTIÈKOM NASELJU POVILE;POVILE, M. BUTKOVIÆA BB;240;80;80;79;1;26;53
08;PRIMORSKO-GORANSKA ŽUPANIJA;grad;NOVI VINODOLSKI;003;BIRAÈKO MJESTO BR. 3;PROSTORIJE BIVŠE OSNOVNE ŠKOLE DONJI ZAGON;DONJI ZAGON B.B.;120;39;39;38;1;14;24
08;PRIMORSKO-GORANSKA ŽUPANIJA;grad;NOVI VINODOLSKI;004;BIRAÈKO MJESTO BR. 4;PROSTORIJE DOMA KULTURE LEDENICE;LEDENICE;161;106;106;104;2;22;82
08;PRIMORSKO-GORANSKA ŽUPANIJA;grad;NOVI VINODOLSKI;005;BIRAÈKO MJESTO BR. 5;"PROSTORIJE ""DOMA KULTURE"" BATER";BATER BB;112;65;65;63;2;20;43
08;PRIMORSKO-GORANSKA ŽUPANIJA;grad;NOVI VINODOLSKI;006;BIRAÈKO MJESTO BR. 6;PROSTORIJE VATROGASNOG DOMA NOVI VINODOLSKI;NOVI VINODOLSKI, VATROGASNA 2;467;137;137;136;1;68;68
08;PRIMORSKO-GORANSKA ŽUPANIJA;grad;NOVI VINODOLSKI;007;BIRAÈKO MJESTO BR. 7;"PROSTORIJE ""MALE SALE DOMA KULTURE""";NOVI VINODOLSKI, KORZO HRVATSKIH BRANITELJA 1;732;212;212;211;1;80;131
08;PRIMORSKO-GORANSKA ŽUPANIJA;grad;NOVI VINODOLSKI;008;BIRAÈKO MJESTO BR. 8;"PROSTORIJE OSNOVNE ŠKOLE ""IVAN MAŽURANIÆ""";NOVI VINODOLSKI, LOKVICA 2;733;206;206;200;6;99;101
08;PRIMORSKO-GORANSKA ŽUPANIJA;grad;NOVI VINODOLSKI;009;BIRAÈKO MJESTO BR. 9;PROSTORIJE NARODNE ÈITAONICE I KNJIŽNICE NOVI VINODOLSKI;NOVI VINODOLSKI, TRG VINODOLSKOG ZAKONA 1;797;200;200;198;2;92;106
08;PRIMORSKO-GORANSKA ŽUPANIJA;grad;NOVI VINODOLSKI;010;BIRAÈKO MJESTO BR. 10;"PROSTOR ""ADRIA TURIST""";NOVI VINODOLSKI, KRALJA TOMISLAVA 6;535;169;169;158;11;76;82
08;PRIMORSKO-GORANSKA ŽUPANIJA;grad;NOVI VINODOLSKI;011;BIRAÈKO MJESTO BR. 11;"PROSTORIJE UPRAVNE ZGRADE ""ŠUMARIJE""";NOVI VINODOLSKI, KORZO HRVATSKIH BRANITELJA 39;583;155;155;153;2;79;74
08;PRIMORSKO-GORANSKA ŽUPANIJA;grad;OPATIJA;001;OPATIJA;(PROSTORIJE MJESNOG ODBORA OPATIJA - TOŠINA);GIUSEPPE VERDI 23;839;388;388;369;19;252;117
08;PRIMORSKO-GORANSKA ŽUPANIJA;grad;OPATIJA;002;OPATIJA;DOM LIBURNIJA (PROSTORIJE MOHO CENTRA);ANDRIJE ŠTANGERA 48;636;343;343;334;9;199;135
08;PRIMORSKO-GORANSKA ŽUPANIJA;grad;OPATIJA;003;OPATIJA;(PROSTORIJE MJESNOG ODBORA  OPATIJA - KOSOVO);KOSIÆEVO 7;822;421;419;403;16;278;125
08;PRIMORSKO-GORANSKA ŽUPANIJA;grad;OPATIJA;004;POBRI;(PROSTORIJE MJESNOG ODBORA POBRI);POBARSKA CESTA 3;1035;445;445;432;13;276;156
08;PRIMORSKO-GORANSKA ŽUPANIJA;grad;OPATIJA;005;IKA;(DRUŠTVENI DOM IKA, PROSTORIJE MJESNOG ODBORA IKA);PRIMORSKA ULICA BB;1001;472;472;451;21;289;162
08;PRIMORSKO-GORANSKA ŽUPANIJA;grad;OPATIJA;006;DOBREÆ;(ŠKOLA, PROSTORIJE MJESNOG ODBORA DOBREÆ);DOBREÆ BR. 20/C;352;153;153;144;9;93;51
08;PRIMORSKO-GORANSKA ŽUPANIJA;grad;OPATIJA;007;VEPRINAC;(ETNO ZBIRKA VEPRINAC);VEPRINAC - STARI GRAD 5;937;467;467;458;9;335;123
08;PRIMORSKO-GORANSKA ŽUPANIJA;grad;OPATIJA;008;POLJANE;(DRUŠTVENI DOM, PROSTORIJE MJESNOG ODBORA POLJANE);POLJANE 67;501;264;264;254;10;205;49
08;PRIMORSKO-GORANSKA ŽUPANIJA;grad;OPATIJA;009;IÈIÆI;(OSNOVNA ŠKOLA, PROSTORIJE MJESNOG ODBORA IÈIÆI);LIBURNIJSKA CESTA 30;789;392;392;378;14;233;145
08;PRIMORSKO-GORANSKA ŽUPANIJA;grad;OPATIJA;010;OPATIJA;(PROSTORIJE DJEÈJEG VRTIÆA PUNTA KOLOVA);ANTONA MIHIÆA 5/A;404;180;180;169;11;110;59
08;PRIMORSKO-GORANSKA ŽUPANIJA;grad;OPATIJA;011;OPATIJA;(VILLA ANTONIO MEÐUNARODNI CENTAR ZA OBRAZOVANJE NOVINARA);NAZOROVA  BR. 2;910;440;440;425;15;304;121
08;PRIMORSKO-GORANSKA ŽUPANIJA;grad;OPATIJA;012;OPATIJA;(PROSTORIJE MJESNOG ODBORA);J. RAKOVCA 15;603;283;283;276;7;180;96
08;PRIMORSKO-GORANSKA ŽUPANIJA;grad;OPATIJA;013;OPATIJA;(PROSTORIJE MJESNOG ODBORA OPATIJA-CENTAR II);VRUTKI 6;849;384;384;372;12;239;133
08;PRIMORSKO-GORANSKA ŽUPANIJA;grad;OPATIJA;014;OPATIJA;(GRADSKA VIJEÆNICA);M. TITA 3;679;354;354;337;17;234;103
08;PRIMORSKO-GORANSKA ŽUPANIJA;grad;RAB;001;RAB;PROSTORIJA GRADSKE VIJEÆNICE GRADA RABA;RAB MUNICIPIUM ARBA 2;413;145;145;144;1;66;78
08;PRIMORSKO-GORANSKA ŽUPANIJA;grad;RAB;002;SUPETARSKA DRAGA;PODRUÈNA ŠKOLA SUPETARSKA  DRAGA;SUPETARSKA DRAGA;1012;262;262;257;5;128;129
08;PRIMORSKO-GORANSKA ŽUPANIJA;grad;RAB;003;MUNDANIJE;PODRUÈNA ŠKOLA MUNDANIJE;MUNDANIJE;444;108;108;105;3;51;54
08;PRIMORSKO-GORANSKA ŽUPANIJA;grad;RAB;004;KAMPOR;PODRUÈNA ŠKOLA KAMPOR;KAMPOR;991;220;220;217;3;96;121
08;PRIMORSKO-GORANSKA ŽUPANIJA;grad;RAB;005;PALIT;"O.Š.""IVANA RABLJANINA"" - UÈ. IV. RAZ";PALIT;1514;397;397;391;6;225;166
08;PRIMORSKO-GORANSKA ŽUPANIJA;grad;RAB;006;BANJOL 2;PODRUÈNA ŠKOLA BANJOL;BANJOL;583;126;126;123;3;59;64
08;PRIMORSKO-GORANSKA ŽUPANIJA;grad;RAB;007;BANJOL 1;"OŠ ""IVANA  RABLJANINA "" - UÈION. I.RAZ.";BANJOL;1152;300;300;296;4;140;156
08;PRIMORSKO-GORANSKA ŽUPANIJA;grad;RAB;008;BARBAT;"PODRUÈNA ŠKOLA  ""BARBAT""";BARBAT;1107;284;284;283;1;158;125
08;PRIMORSKO-GORANSKA ŽUPANIJA;grad;RIJEKA;001;COSTABELLA;PROSTORIJE MJESNOG ODBORA;ISTARSKA 50;1231;517;517;501;16;269;232
08;PRIMORSKO-GORANSKA ŽUPANIJA;grad;RIJEKA;002;KANTRIDA;"OŠ ""KANTRIDA""";IZVIÐAÈKA 9;1208;467;466;439;27;275;164
08;PRIMORSKO-GORANSKA ŽUPANIJA;grad;RIJEKA;003;KANTRIDA;"DOM  ""MIRKO ÈURBEG""";LOVRANSKA 10;1057;390;390;375;15;227;148
08;PRIMORSKO-GORANSKA ŽUPANIJA;grad;RIJEKA;004;KANTRIDA;"OŠ ""KANTRIDA""";IZVIÐAÈKA 9;1045;413;413;394;19;237;157
08;PRIMORSKO-GORANSKA ŽUPANIJA;grad;RIJEKA;005;ZAPADNI ZAMET;"OŠ ""ZAMET""";BOŽE VIDASA 12;934;335;334;321;13;182;139
08;PRIMORSKO-GORANSKA ŽUPANIJA;grad;RIJEKA;006;ZAPADNI ZAMET;"OŠ ""ZAMET""";BOŽE VIDASA 12;1015;311;311;305;6;184;121
08;PRIMORSKO-GORANSKA ŽUPANIJA;grad;RIJEKA;007;ZAPADNI ZAMET;"OŠ ""ZAMET""";BOŽE VIDASA 12;925;324;324;315;9;192;123
08;PRIMORSKO-GORANSKA ŽUPANIJA;grad;RIJEKA;008;ZAPADNI ZAMET;"OŠ ""ZAMET""";BOŽE VIDASA 12;793;298;298;288;10;168;120
08;PRIMORSKO-GORANSKA ŽUPANIJA;grad;RIJEKA;009;GORNJI ZAMET;"KUD ""ZAMETSKI KOREN""";MILICE JADRANIÆ 2;1077;307;307;292;15;141;151
08;PRIMORSKO-GORANSKA ŽUPANIJA;grad;RIJEKA;010;GORNJI ZAMET;"KUD ""ZAMETSKI KOREN""";MILICE JADRANIÆ 2;1258;356;355;341;14;191;150
08;PRIMORSKO-GORANSKA ŽUPANIJA;grad;RIJEKA;011;GORNJI ZAMET;PROSTORIJE MJESNOG ODBORA GORNJI ZAMET;MILICE JADRANIÆ 2A;941;221;221;213;8;107;106
08;PRIMORSKO-GORANSKA ŽUPANIJA;grad;RIJEKA;012;GORNJI ZAMET;PROSTORIJE MJESNOG ODBORA GORNJI ZAMET;MILICE JADRANIÆ 2A;1199;320;320;306;14;141;165
08;PRIMORSKO-GORANSKA ŽUPANIJA;grad;RIJEKA;013;ZAMET;ŠPORTSKO DRUŠTVO ZAMET;OBITELJI SUŠANJ 2;1372;476;476;464;12;282;182
08;PRIMORSKO-GORANSKA ŽUPANIJA;grad;RIJEKA;014;ZAMET;ŠPORTSKO DRUŠTVO ZAMET;OBITELJI SUŠANJ 2;1301;400;400;380;20;248;132
08;PRIMORSKO-GORANSKA ŽUPANIJA;grad;RIJEKA;015;ZAMET;ŠPORTSKO DRUŠTVO ZAMET;OBITELJI SUŠANJ 2;1238;410;410;396;14;216;180
08;PRIMORSKO-GORANSKA ŽUPANIJA;grad;RIJEKA;016;SRDOÈI;PROSTORIJE MJESNOG ODBORA;MIROSLAVA KRLEŽE 4;1507;574;573;553;20;271;282
08;PRIMORSKO-GORANSKA ŽUPANIJA;grad;RIJEKA;017;SRDOÈI;"OSNOVNA ŠKOLA ""SRDOÈI""";ANTE MODRUŠANA 33;1372;488;488;477;11;264;213
08;PRIMORSKO-GORANSKA ŽUPANIJA;grad;RIJEKA;018;SRDOÈI;"OSNOVNA ŠKOLA ""SRDOÈI""";ANTE MODRUŠANA 33;1318;416;416;401;15;214;187
08;PRIMORSKO-GORANSKA ŽUPANIJA;grad;RIJEKA;019;SRDOÈI;"OSNOVNA ŠKOLA ""SRDOÈI""";ANTE MODRUŠANA 33;1508;490;490;476;14;233;243
08;PRIMORSKO-GORANSKA ŽUPANIJA;grad;RIJEKA;020;GRBCI;PROSTORIJE MJESNOG ODBORA;DRAŽIÈKA 4;1442;480;480;464;16;176;288
08;PRIMORSKO-GORANSKA ŽUPANIJA;grad;RIJEKA;021;PEHLIN;"OŠ ""PEHLIN""";PEHLIN 34;912;259;259;247;12;139;108
08;PRIMORSKO-GORANSKA ŽUPANIJA;grad;RIJEKA;022;PEHLIN;"OŠ ""PEHLIN""";PEHLIN 34;1246;377;377;365;12;184;181
08;PRIMORSKO-GORANSKA ŽUPANIJA;grad;RIJEKA;023;PEHLIN;"OŠ ""PEHLIN""";PEHLIN 34;1105;322;322;310;12;134;176
08;PRIMORSKO-GORANSKA ŽUPANIJA;grad;RIJEKA;024;PEHLIN;"OŠ ""PEHLIN""";PEHLIN 34;1377;394;394;383;11;210;173
08;PRIMORSKO-GORANSKA ŽUPANIJA;grad;RIJEKA;025;BELVEDER;CENTAR ZA ODGOJ I OBRAZOVANJE;SENJSKIH USKOKA 2;934;337;337;315;22;176;139
08;PRIMORSKO-GORANSKA ŽUPANIJA;grad;RIJEKA;026;BELVEDER;CENTAR ZA ODGOJ I OBRAZOVANJE;SENJSKIH USKOKA 2;800;303;303;291;12;173;118
08;PRIMORSKO-GORANSKA ŽUPANIJA;grad;RIJEKA;027;BELVEDER;"""DOM MLADIH"" RIJEKA";LAGINJINA 15;1001;317;317;303;14;188;115
08;PRIMORSKO-GORANSKA ŽUPANIJA;grad;RIJEKA;028;KOZALA;"""DOM MLADIH"" RIJEKA";LAGINJINA 15;1004;419;419;392;27;234;158
08;PRIMORSKO-GORANSKA ŽUPANIJA;grad;RIJEKA;029;KOZALA;"OŠ  ""KOZALA""";ANTE KOVAÈIÆA 21;1172;485;485;464;21;292;172
08;PRIMORSKO-GORANSKA ŽUPANIJA;grad;RIJEKA;030;KOZALA;PROSTORIJE MJESNOG ODBORA;VOLÈIÆEV TRG 2;1202;445;445;421;24;255;166
08;PRIMORSKO-GORANSKA ŽUPANIJA;grad;RIJEKA;031;KOZALA;PROSTORIJE MJESNOG ODBORA;VOLÈIÆEV TRG 2;948;365;365;343;22;217;126
08;PRIMORSKO-GORANSKA ŽUPANIJA;grad;RIJEKA;032;BRAŠÆINE-PULAC;"OŠ ""BELVEDER""";KOZALA 41;1041;405;405;391;14;199;192
08;PRIMORSKO-GORANSKA ŽUPANIJA;grad;RIJEKA;033;BRAŠÆINE-PULAC;"OŠ ""BELVEDER""";KOZALA 41;931;295;295;281;14;128;153
08;PRIMORSKO-GORANSKA ŽUPANIJA;grad;RIJEKA;034;DRENOVA;PROSTORIJE MJESNOG ODBORA;CVETKOV TRG 1;1190;381;381;363;18;199;164
08;PRIMORSKO-GORANSKA ŽUPANIJA;grad;RIJEKA;035;DRENOVA;PROSTORIJE MJESNOG ODBORA;CVETKOV TRG 1;1242;381;381;369;12;206;163
08;PRIMORSKO-GORANSKA ŽUPANIJA;grad;RIJEKA;036;DRENOVA;"""DVD"" DRENOVA";CVETKOV TRG 1;1363;480;480;456;24;221;235
08;PRIMORSKO-GORANSKA ŽUPANIJA;grad;RIJEKA;037;DRENOVA;"PROSTORIJE ""LINGUAE"" ŠKOLE STRANIH JEZIKA";CVETKOV TRG 1;1203;400;400;385;15;206;179
08;PRIMORSKO-GORANSKA ŽUPANIJA;grad;RIJEKA;038;DRENOVA;ZAVIÈAJNI MUZEJ MO DRENOVA;DRENOVSKI PUT 138A;861;263;263;253;10;133;120
08;PRIMORSKO-GORANSKA ŽUPANIJA;grad;RIJEKA;039;DRENOVA;ZAVIÈAJNI MUZEJ MO DRENOVA;DRENOVSKI PUT 138A;782;218;218;213;5;128;85
08;PRIMORSKO-GORANSKA ŽUPANIJA;grad;RIJEKA;040;ŠKURINJE;"OŠ  ""IVANA ZAJCA""";ŠKURINJSKA CESTA 7A;1314;402;402;386;16;216;170
08;PRIMORSKO-GORANSKA ŽUPANIJA;grad;RIJEKA;041;ŠKURINJE;"OŠ ""IVANA ZAJCA""";ŠKURINJSKA CESTA 7A;1090;299;296;279;17;157;122
08;PRIMORSKO-GORANSKA ŽUPANIJA;grad;RIJEKA;042;ŠKURINJE;"OŠ ""IVANA ZAJCA""";ŠKURINJSKA CESTA 7A;1182;380;380;358;22;210;148
08;PRIMORSKO-GORANSKA ŽUPANIJA;grad;RIJEKA;043;ŠKURINJE;"OŠ ""IVANA ZAJCA""";ŠKURINJSKA CESTA 7A;1106;322;321;312;9;180;132
08;PRIMORSKO-GORANSKA ŽUPANIJA;grad;RIJEKA;044;ŠKURINJSKA DRAGA;GEODETSKI ZAVOD RIJEKA;FRANA KRESNIKA 33;959;311;311;300;11;178;122
08;PRIMORSKO-GORANSKA ŽUPANIJA;grad;RIJEKA;045;ŠKURINJSKA DRAGA;"OŠ ""ŠKURINJE""";MIHAÈEVA DRAGA 13;1064;335;335;315;20;209;106
08;PRIMORSKO-GORANSKA ŽUPANIJA;grad;RIJEKA;046;ŠKURINJSKA DRAGA;"OŠ ""ŠKURINJE""";MIHAÈEVA DRAGA 13;862;207;207;201;6;116;85
08;PRIMORSKO-GORANSKA ŽUPANIJA;grad;RIJEKA;047;ŠKURINJSKA DRAGA;PROSTORIJE MJESNOG ODBORA;POREÈKA 94;807;267;267;259;8;156;103
08;PRIMORSKO-GORANSKA ŽUPANIJA;grad;RIJEKA;048;OREHOVICA;PROSTORIJE MJESNOG ODBORA;KALINA 2;467;141;141;139;2;76;63
08;PRIMORSKO-GORANSKA ŽUPANIJA;grad;RIJEKA;049;PAŠAC;"DOM ""PAŠAC""";BALDE FUÆKA 39;331;123;123;120;3;70;50
08;PRIMORSKO-GORANSKA ŽUPANIJA;grad;RIJEKA;050;SVILNO;"DOM KULTURE ""SVILNO""";SVILNO 82;777;242;242;232;10;113;119
08;PRIMORSKO-GORANSKA ŽUPANIJA;grad;RIJEKA;051;BRAJDA;PROSTORIJE MJESNOG ODBORA;POMERIO 26;899;295;295;283;12;167;116
08;PRIMORSKO-GORANSKA ŽUPANIJA;grad;RIJEKA;052;BRAJDA;"EKONOMSKA ŠKOLA ""MIJE MIRKOVIÆA""";IVANA FILIPOVIÆA 2;978;306;306;296;10;181;115
08;PRIMORSKO-GORANSKA ŽUPANIJA;grad;RIJEKA;053;BRAJDA;"EKONOMSKA ŠKOLA ""MIJE MIRKOVIÆA""";IVANA FILIPOVIÆA 2;858;303;303;284;19;161;123
08;PRIMORSKO-GORANSKA ŽUPANIJA;grad;RIJEKA;054;DOLAC;PRVA RIJEÈKA HRVATSKA GIMNAZIJA;FRANA KURELCA 1;583;203;203;186;17;102;84
08;PRIMORSKO-GORANSKA ŽUPANIJA;grad;RIJEKA;055;LUKA;PROSTORIJE MJESNOG ODBORA;VERDIEVA 11;1136;432;432;412;20;205;207
08;PRIMORSKO-GORANSKA ŽUPANIJA;grad;RIJEKA;056;ŠKOLJIÆ;"OŠ ""NIKOLA TESLA""";TRG IVANA KLOBUÈARIÆA 1;683;242;242;234;8;141;93
08;PRIMORSKO-GORANSKA ŽUPANIJA;grad;RIJEKA;057;ŠKOLJIÆ;"OŠ ""NIKOLA TESLA""";TRG IVANA KLOBUÈARIÆA 1;753;250;249;238;11;142;96
08;PRIMORSKO-GORANSKA ŽUPANIJA;grad;RIJEKA;058;MLAKA;OŠ PODMURVICE;PODMURVICE 6;1212;385;384;374;10;219;155
08;PRIMORSKO-GORANSKA ŽUPANIJA;grad;RIJEKA;059;MLAKA;SREDNJA ŠKOLA ZA ELEKTROTEHNIKU I RAÈUNALSTVO;ZVONIMIROVA 12;1066;351;351;334;17;207;127
08;PRIMORSKO-GORANSKA ŽUPANIJA;grad;RIJEKA;060;MLAKA;PROSTORIJE MJESNOG ODBORA;GIUSEPPEA DUELLE 2B;951;359;359;335;24;207;128
08;PRIMORSKO-GORANSKA ŽUPANIJA;grad;RIJEKA;061;BANDEROVO;MEDICINSKI FAKULTET;BRAÆE BRANCHETTA 20;796;234;234;230;4;149;81
08;PRIMORSKO-GORANSKA ŽUPANIJA;grad;RIJEKA;062;BANDEROVO;PROSTORIJE MJESNOG ODBORA;RUDOLFA TOMŠIÆA 15;1037;379;378;367;11;198;169
08;PRIMORSKO-GORANSKA ŽUPANIJA;grad;RIJEKA;063;POTOK;PROSTORIJE MJESNOG ODBORA;MILANA BUTKOVIÆA 2;1152;497;497;475;22;256;219
08;PRIMORSKO-GORANSKA ŽUPANIJA;grad;RIJEKA;064;PODMURVICE;PRAVNI FAKULTET;HAHLIÆ 6;1364;460;460;433;27;253;180
08;PRIMORSKO-GORANSKA ŽUPANIJA;grad;RIJEKA;065;PODMURVICE;PRAVNI FAKULTET;HAHLIÆ 6;1233;405;404;386;18;236;150
08;PRIMORSKO-GORANSKA ŽUPANIJA;grad;RIJEKA;066;PODMURVICE;PROSTORIJE MJESNOG ODBORA;DUBROVAÈKA 2;1099;361;361;352;9;203;149
08;PRIMORSKO-GORANSKA ŽUPANIJA;grad;RIJEKA;067;PODMURVICE;"DJEÈJI VRTIÆ ""PODMURVICE""";CAVTATSKA 4;1126;364;364;344;20;193;151
08;PRIMORSKO-GORANSKA ŽUPANIJA;grad;RIJEKA;068;SVETI NIKOLA;"OŠ ""SAN NICOLO""";MIRKA ÈURBEGA 18;975;288;288;277;11;172;105
08;PRIMORSKO-GORANSKA ŽUPANIJA;grad;RIJEKA;069;SVETI NIKOLA;"OŠ ""SAN NICOLO""";MIRKA ÈURBEGA 18;1093;358;358;342;16;204;138
08;PRIMORSKO-GORANSKA ŽUPANIJA;grad;RIJEKA;070;SVETI NIKOLA;PROSTORIJE MJESNOG ODBORA;ZAMETSKA 6;1031;333;333;317;16;205;112
08;PRIMORSKO-GORANSKA ŽUPANIJA;grad;RIJEKA;071;SVETI NIKOLA;PROSTORIJE MJESNOG ODBORA;ZAMETSKA 6;1057;347;346;339;7;221;118
08;PRIMORSKO-GORANSKA ŽUPANIJA;grad;RIJEKA;072;SVETI NIKOLA;"DJEÈJI VRTIÆ ""KRNJEVO""";KARASOVA 4;1294;455;455;425;30;252;173
08;PRIMORSKO-GORANSKA ŽUPANIJA;grad;RIJEKA;073;SVETI NIKOLA;"DJEÈJI VRTIÆ ""KRNJEVO""";KARASOVA 4;1222;426;425;414;11;237;177
08;PRIMORSKO-GORANSKA ŽUPANIJA;grad;RIJEKA;074;SVETI NIKOLA;"DJEÈJI VRTIÆ ""KRNJEVO""";KARASOVA 4;859;313;313;300;13;177;123
08;PRIMORSKO-GORANSKA ŽUPANIJA;grad;RIJEKA;075;TURNIÆ;"OŠ ""TURNIÆ""";FRANJE ÈANDEKA 20;840;244;244;231;13;150;81
08;PRIMORSKO-GORANSKA ŽUPANIJA;grad;RIJEKA;076;TURNIÆ;PROSTORIJE MJESNOG ODBORA;FRANJE ÈANDEKA 36B;870;255;255;250;5;165;85
08;PRIMORSKO-GORANSKA ŽUPANIJA;grad;RIJEKA;077;TURNIÆ;PROSTORIJE MJESNOG ODBORA;FRANJE ÈANDEKA 36B;927;251;251;247;4;143;104
08;PRIMORSKO-GORANSKA ŽUPANIJA;grad;RIJEKA;078;TURNIÆ;PROSTORIJE MJESNOG ODBORA;FRANJE ÈANDEKA 36B;904;233;233;222;11;135;87
08;PRIMORSKO-GORANSKA ŽUPANIJA;grad;RIJEKA;079;BULEVARD;PROSTORIJE MJESNOG ODBORA;ŠETALIŠTE IVANA GORANA KOVAÈIÆA 14;777;357;357;331;26;179;152
08;PRIMORSKO-GORANSKA ŽUPANIJA;grad;RIJEKA;080;BULEVARD;PROSTORIJE MJESNOG ODBORA;ŠETALIŠTE IVANA GORANA KOVAÈIÆA 14;895;357;356;337;19;180;157
08;PRIMORSKO-GORANSKA ŽUPANIJA;grad;RIJEKA;081;KRIMEJA;PROSTORIJE MJESNOG ODBORA;KUMIÈIÆEVA 50;1205;470;470;451;19;256;195
08;PRIMORSKO-GORANSKA ŽUPANIJA;grad;RIJEKA;082;KRIMEJA;PROSTORIJE MJESNOG ODBORA;KUMIÈIÆEVA 50;1255;459;457;431;26;273;158
08;PRIMORSKO-GORANSKA ŽUPANIJA;grad;RIJEKA;083;CENTAR - SUŠAK;PROSTORIJE MJESNOG ODBORA;ŠETALIŠTE ANDRIJE KAÈIÆA MIOŠIÆA 8A;606;229;229;216;13;142;74
08;PRIMORSKO-GORANSKA ŽUPANIJA;grad;RIJEKA;084;CENTAR - SUŠAK;"OŠ ""CENTAR""";PODHUMSKIH ŽRTAVA 5;843;294;293;277;16;156;121
08;PRIMORSKO-GORANSKA ŽUPANIJA;grad;RIJEKA;085;PEÆINE;PROSTORIJE MJESNOG ODBORA;JANKA POLIÆA KAMOVA 73A;1204;496;496;477;19;287;190
08;PRIMORSKO-GORANSKA ŽUPANIJA;grad;RIJEKA;086;PEÆINE;"OŠ ""PEÆINE""";ŠETALIŠTE TRINAESTE DIVIZIJE 25;759;329;329;317;12;170;147
08;PRIMORSKO-GORANSKA ŽUPANIJA;grad;RIJEKA;087;PODVEŽICA;DOM UÈENIKA SUŠAK;DRAGE GERVAISA 34;1062;391;391;378;13;223;155
08;PRIMORSKO-GORANSKA ŽUPANIJA;grad;RIJEKA;088;PODVEŽICA;PROSTORIJE MJESNOG ODBORA;KVATERNIKOVA 58B;1237;495;493;479;14;268;211
08;PRIMORSKO-GORANSKA ŽUPANIJA;grad;RIJEKA;089;PODVEŽICA;"OŠ ""VEŽICA""";KVATERNIKOVA 49;1298;409;409;397;12;227;170
08;PRIMORSKO-GORANSKA ŽUPANIJA;grad;RIJEKA;090;PODVEŽICA;"OŠ ""VEŽICA""";KVATERNIKOVA 49;1160;410;410;389;21;196;193
08;PRIMORSKO-GORANSKA ŽUPANIJA;grad;RIJEKA;091;TRSAT;"OŠ ""TRSAT""";SLAVKA KRAUTZEKA 23;951;374;374;348;26;170;178
08;PRIMORSKO-GORANSKA ŽUPANIJA;grad;RIJEKA;092;TRSAT;"OŠ ""TRSAT""";SLAVKA KRAUTZEKA 23;974;378;378;357;21;171;186
08;PRIMORSKO-GORANSKA ŽUPANIJA;grad;RIJEKA;093;VOJAK;"OŠ ""VLADIMIR GORTAN""";PRILAZ VLADIMIRA GORTANA 2;1166;540;540;519;21;339;180
08;PRIMORSKO-GORANSKA ŽUPANIJA;grad;RIJEKA;094;VOJAK;"OŠ ""VLADIMIR GORTAN""";PRILAZ VLADIMIRA GORTANA 2;1111;442;442;425;17;227;198
08;PRIMORSKO-GORANSKA ŽUPANIJA;grad;RIJEKA;095;GORNJA VEŽICA;HRVATSKI DOM VEŽICA;ZDRAVKA KUÈIÆA 1;1173;408;408;390;18;239;151
08;PRIMORSKO-GORANSKA ŽUPANIJA;grad;RIJEKA;096;GORNJA VEŽICA;"OŠ ""GORNJA VEŽICA""";GORNJA VEŽICA 31;1038;390;390;367;23;201;166
08;PRIMORSKO-GORANSKA ŽUPANIJA;grad;RIJEKA;097;GORNJA VEŽICA;"OŠ ""GORNJA VEŽICA""";GORNJA VEŽICA 31;990;346;346;335;11;206;129
08;PRIMORSKO-GORANSKA ŽUPANIJA;grad;RIJEKA;098;GORNJA VEŽICA;"DJEÈJI VRTIÆ ""MORÈIÆ""";BRAÆE STIPÈIÆ 32;1024;384;384;366;18;214;152
08;PRIMORSKO-GORANSKA ŽUPANIJA;grad;RIJEKA;099;GORNJA VEŽICA;"DJEÈJI VRTIÆ ""MORÈIÆ""";BRAÆE STIPÈIÆ 32;1023;380;380;365;15;222;143
08;PRIMORSKO-GORANSKA ŽUPANIJA;grad;RIJEKA;100;DRAGA;HRVATSKI DOM DRAGA;BRIG 24;1243;344;344;328;16;159;169
08;PRIMORSKO-GORANSKA ŽUPANIJA;grad;RIJEKA;101;SVETI KUZAM;"HRVATSKI DOM ""SVETI KUZAM""";SVETI KUZAM 19;189;56;56;51;5;32;19
08;PRIMORSKO-GORANSKA ŽUPANIJA;grad;VRBOVSKO;001;BIRAÈKO MJESTO BR. 1;DOM KULTURE JABLAN;ULICA JABLAN;157;85;85;85;0;33;52
08;PRIMORSKO-GORANSKA ŽUPANIJA;grad;VRBOVSKO;002;BIRAÈKO MJESTO BR. 2;PODRUÈNA ŠKOLA SENJSKO;VRBOVSKO, SENJSKO 108;387;229;229;218;11;94;124
08;PRIMORSKO-GORANSKA ŽUPANIJA;grad;VRBOVSKO;003;BIRAÈKO MJESTO BR. 3;ZGRADA ŠUMARIJE VRBOVSKO;VRBOVSKO, IVANA GORANA KOVAÈIÆA 19;508;238;238;226;12;125;101
08;PRIMORSKO-GORANSKA ŽUPANIJA;grad;VRBOVSKO;004;BIRAÈKO MJESTO BR. 4;PROSTORIJE OSNOVNE ŠKOLE IVANA GORANA KOVAÈIÆA U VRBOVSKOM;VRBOVSKO, KRALJA TOMISLAVA 18;703;393;393;380;13;202;178
08;PRIMORSKO-GORANSKA ŽUPANIJA;grad;VRBOVSKO;005;BIRAÈKO MJESTO BR. 5;VATROGASNI DOM BLAŽEVCI;BLAŽEVCI;117;71;71;71;0;26;45
08;PRIMORSKO-GORANSKA ŽUPANIJA;grad;VRBOVSKO;006;BIRAÈKO MJESTO BR. 6;DOM KULTURE LUKOVDOL;LUKOVDOL;234;103;103;98;5;39;59
08;PRIMORSKO-GORANSKA ŽUPANIJA;grad;VRBOVSKO;007;BIRAÈKO MJESTO BR. 7;PODRUÈNA ŠKOLA SEVERIN NA KUPI;SEVERIN NA KUPI 4;398;193;193;184;9;91;93
08;PRIMORSKO-GORANSKA ŽUPANIJA;grad;VRBOVSKO;008;BIRAÈKO MJESTO BR. 8;PODRUÈNA ŠKOLA VELIKI JADRÈ;VELIKI JADRÈ;161;93;93;86;7;42;44
08;PRIMORSKO-GORANSKA ŽUPANIJA;grad;VRBOVSKO;009;BIRAÈKO MJESTO BR. 9;PODRUÈNA ŠKOLA GOMIRJE;GOMIRJE, ULICA JOVE MAMULE;544;216;216;210;6;179;31
08;PRIMORSKO-GORANSKA ŽUPANIJA;grad;VRBOVSKO;010;BIRAÈKO MJESTO BR. 10;DOM KULTURE  /DVORANA TZK/ MORAVICE;ULICA MARKA VUÈKOVIÆA 2 MORAVICE;664;296;296;289;7;243;46
08;PRIMORSKO-GORANSKA ŽUPANIJA;grad;VRBOVSKO;011;BIRAÈKO MJESTO BR. 11;PODRUÈNA ŠKOLA MORAVICE;MORAVICE, ULICA DOKMANOVIÆI;293;106;106;105;1;97;8
08;PRIMORSKO-GORANSKA ŽUPANIJA;opæina;BAŠKA;001;BAŠKA;PROSTORIJA VJENÈAONE - SOBA BR.1;BAŠKA, ZVONIMIROVA 114;653;170;170;159;11;94;65
08;PRIMORSKO-GORANSKA ŽUPANIJA;opæina;BAŠKA;002;BAŠKA;PROSTORIJA VJENÈAONE - SOBA BR.2;BAŠKA, ZVONIMIROVA 114;426;92;92;92;0;45;47
08;PRIMORSKO-GORANSKA ŽUPANIJA;opæina;BAŠKA;003;JURANDVOR;"PROSTORIJA NARODNOG DOMA ""JURANDVOR""";JURANDVOR, JURANDVOR BB;438;90;90;87;3;44;43
08;PRIMORSKO-GORANSKA ŽUPANIJA;opæina;BAŠKA;004;DRAGA BAŠÆANSKA;"PROST.ZADR.DOMA""DRAGA BAŠÆANSKA""";DRAGA BAŠÆANSKA 239;304;67;67;67;0;41;26
08;PRIMORSKO-GORANSKA ŽUPANIJA;opæina;BROD MORAVICE;001;BIRAÈKO MJESTO BR. 1;DOM KULTURE BROD MORAVICE;BROD MORAVICE, S.RADIÆA 1;651;181;181;176;5;102;74
08;PRIMORSKO-GORANSKA ŽUPANIJA;opæina;ÈAVLE;001;ÈAVLE;DOM ÈAVLE (VIJEÆNICA);ÈAVJA 17;1251;220;220;210;10;132;78
08;PRIMORSKO-GORANSKA ŽUPANIJA;opæina;ÈAVLE;002;CERNIK;ZGRADA ÈITAONICE;TRG ANTIFAŠISTIÈKIH BORACA 1;1180;223;223;214;9;129;85
08;PRIMORSKO-GORANSKA ŽUPANIJA;opæina;ÈAVLE;003;MAVRINCI;SPORTSKA DVORANA MAVRINCI;MAVRINCI 2;912;165;165;158;7;88;70
08;PRIMORSKO-GORANSKA ŽUPANIJA;opæina;ÈAVLE;004;BUZDOHANJ;"""BAJÈEVO SELO"" - PROSTORIJE BK ""BAJCI""";GRIŽA 16;561;111;111;107;4;57;50
08;PRIMORSKO-GORANSKA ŽUPANIJA;opæina;ÈAVLE;005;BUZDOHANJ;BOÆARSKA DVORANA HRASTENICA;HRASTENICA 25;814;191;191;189;2;97;92
08;PRIMORSKO-GORANSKA ŽUPANIJA;opæina;ÈAVLE;006;PODÈUDNIÈ;KRENOVAC;KRENOVAC 2;1117;219;219;216;3;107;109
08;PRIMORSKO-GORANSKA ŽUPANIJA;opæina;ÈAVLE;007;GROBNIK;ZGRADA ÈITAONICE;HARTERAŠKA 1;380;85;85;82;3;56;26
08;PRIMORSKO-GORANSKA ŽUPANIJA;opæina;DOBRINJ;001;DOBRINJ;DRUŠTVENI DOM;DOBRINJ;116;33;33;31;2;19;12
08;PRIMORSKO-GORANSKA ŽUPANIJA;opæina;DOBRINJ;002;SUŽAN;DRUŠTVENI DOM;SUŽAN;76;32;32;30;2;21;9
08;PRIMORSKO-GORANSKA ŽUPANIJA;opæina;DOBRINJ;003;ŠILO;ZGRADA AMBULANTE ŠILO;ŠILO;465;115;115;113;2;73;40
08;PRIMORSKO-GORANSKA ŽUPANIJA;opæina;DOBRINJ;004;POLJE;DRUŠTVENI DOM;POLJE;320;65;65;65;0;51;14
08;PRIMORSKO-GORANSKA ŽUPANIJA;opæina;DOBRINJ;005;GABONJIN;DRUŠTVENI DOM;GABONJIN;191;42;42;38;4;22;16
08;PRIMORSKO-GORANSKA ŽUPANIJA;opæina;DOBRINJ;006;KRAS;DRUŠTVENI DOM;KRAS;254;65;65;63;2;41;22
08;PRIMORSKO-GORANSKA ŽUPANIJA;opæina;DOBRINJ;007;ÈIŽIÆI;DRUŠTVENI DOM;ÈIŽIÈI;198;48;48;46;2;26;20
08;PRIMORSKO-GORANSKA ŽUPANIJA;opæina;DOBRINJ;008;SV. VID;VATROGASNI DOM;SVETI VID;141;35;35;34;1;24;10
08;PRIMORSKO-GORANSKA ŽUPANIJA;opæina;DOBRINJ;009;HLAPA;DRUŠTVENI DOM;HLAPA;120;18;18;17;1;10;7
08;PRIMORSKO-GORANSKA ŽUPANIJA;opæina;DOBRINJ;010;KLANICE;DRUŠTVENE PROSTORIJE;KLANICE;95;39;39;39;0;27;12
08;PRIMORSKO-GORANSKA ŽUPANIJA;opæina;DOBRINJ;011;KLIMNO;DRUŠTVENI DOM;KLIMNO;233;42;42;42;0;28;14
08;PRIMORSKO-GORANSKA ŽUPANIJA;opæina;DOBRINJ;012;RASOPASNO;DRUŠTVENE PROSTORIJE;RASOPASNO;135;36;36;34;2;23;11
08;PRIMORSKO-GORANSKA ŽUPANIJA;opæina;DOBRINJ;013;SV. IVAN;DRUŠTVENE PROSTORIJE;SV. IVAN;45;20;20;20;0;15;5
08;PRIMORSKO-GORANSKA ŽUPANIJA;opæina;FUŽINE;001;BIRAÈKO MJESTO BR. 1;ZGRADA ZADRUŽNOG DOMA U FUŽINAMA;FUŽINE, DR. F. RAÈKOG 19;630;140;140;136;4;85;51
08;PRIMORSKO-GORANSKA ŽUPANIJA;opæina;FUŽINE;002;BIRAÈKO MJESTO BR. 2;VATROGASNI DOM U VRATIMA;VRATA, VRATA 48;332;59;59;59;0;44;15
08;PRIMORSKO-GORANSKA ŽUPANIJA;opæina;FUŽINE;003;BIRAÈKO MJESTO BR. 3;DOM KULTURE U LIÈU;LIÈ, VICIÆEVA 31;464;93;93;93;0;49;44
08;PRIMORSKO-GORANSKA ŽUPANIJA;opæina;JELENJE;001;ZORETIÆI;"PROSTORIJA BK ""ZORETIÆI""";ZORETIÆI 8A;354;99;99;97;2;58;39
08;PRIMORSKO-GORANSKA ŽUPANIJA;opæina;JELENJE;002;RATULJE;"U PROSTORIJI ""STARE ŠKOLE""";RATULJE 5;349;92;92;90;2;59;31
08;PRIMORSKO-GORANSKA ŽUPANIJA;opæina;JELENJE;003;JELENJE;"U PROSTORIJI LOVAÈKOG DRUŠTVA ""JELEN""";JELENJE 26;356;111;111;110;1;75;35
08;PRIMORSKO-GORANSKA ŽUPANIJA;opæina;JELENJE;004;LUKEŽI;"U PROSTORIJI ""ÈITAONICE""";LUKEŽI 81;174;40;40;38;2;22;16
08;PRIMORSKO-GORANSKA ŽUPANIJA;opæina;JELENJE;005;DRAŽICE;"U PROSTORIJI ""ÈITAONICE""";OKRŠAJ 18;837;220;220;216;4;160;56
08;PRIMORSKO-GORANSKA ŽUPANIJA;opæina;JELENJE;006;DRAŽICE;"U PROSTORIJI ""DOMA KULTURE""";DRAŽIÈKIH BORACA 64;974;210;210;204;6;112;92
08;PRIMORSKO-GORANSKA ŽUPANIJA;opæina;JELENJE;007;PODKILAVAC;"U PROSTORIJI ""ÈITAONICE""";PODKILAVAC 86;296;79;79;78;1;54;24
08;PRIMORSKO-GORANSKA ŽUPANIJA;opæina;JELENJE;008;PODHUM;"U PODHUMU I, U PROSTORIJI ""BOÆARSKOG KLUBA""";PODHUM 125;695;115;115;115;0;59;56
08;PRIMORSKO-GORANSKA ŽUPANIJA;opæina;JELENJE;009;PODHUM;"U PODHUMU II, U PROSTORIJI NA I. KATU IZNAD DISKONTA ""DIANO""";PODHUM 340A;523;114;114;114;0;71;43
08;PRIMORSKO-GORANSKA ŽUPANIJA;opæina;KLANA;001;KLANA;"OSNOVNA ŠKOLA ""KLANA""";ZATREP 5;510;161;161;159;2;113;46
08;PRIMORSKO-GORANSKA ŽUPANIJA;opæina;KLANA;002;KLANA;VIJEÆNICA OPÆINE KLANA (NA KATU);KLANA 33;470;121;121;117;4;68;49
08;PRIMORSKO-GORANSKA ŽUPANIJA;opæina;KLANA;003;STUDENA;SALA STUDENA;STUDENA  BB;304;97;97;96;1;57;39
08;PRIMORSKO-GORANSKA ŽUPANIJA;opæina;KLANA;004;ŠKALNICA;VATROGASNI DOM ŠKALNICA;ŠKALNICA 2B;182;50;50;50;0;38;12
08;PRIMORSKO-GORANSKA ŽUPANIJA;opæina;KLANA;005;LISAC;DRUŠTVENI DOM LISAC;LISAC BB;100;30;30;30;0;23;7
08;PRIMORSKO-GORANSKA ŽUPANIJA;opæina;KLANA;006;BREZA;STARA ŠKOLA BREZA;BREZA 8;44;17;17;15;2;10;5
08;PRIMORSKO-GORANSKA ŽUPANIJA;opæina;KOSTRENA;001;KOSTRENA;NARODNA ÈITAONICA KOSTRENA;SVETA LUCIJA 14;1286;647;647;615;32;292;323
08;PRIMORSKO-GORANSKA ŽUPANIJA;opæina;KOSTRENA;002;KOSTRENA;SPORTSKA DVORANA KOSTRENA;ŽUKNICA 1B;1349;646;646;605;41;275;330
08;PRIMORSKO-GORANSKA ŽUPANIJA;opæina;KOSTRENA;003;KOSTRENA;NARODNA ÈITAONICA SV. BARBARA;TRG SVETE BARBARE 2;1355;642;642;612;30;326;286
08;PRIMORSKO-GORANSKA ŽUPANIJA;opæina;LOKVE;001;BIRAÈKO MJESTO BR. 1;ZGRADA OPÆINE LOKVE - OPÆINSKA VIJEÆNICA;LOKVE, ŠETALIŠTE GOLUBINJAK 6;803;346;346;337;9;171;166
08;PRIMORSKO-GORANSKA ŽUPANIJA;opæina;LOPAR;001;LOPAR;PODRUÈNA ŠKOLA LOPAR;LOPAR 289;1117;880;880;849;31;463;386
08;PRIMORSKO-GORANSKA ŽUPANIJA;opæina;LOVRAN;001;LOVRAN;"PROSTORIJE  ""OPÆINE LOVRAN - VIJEÆNICA""";ŠETALIŠTE MARŠALA TITA 41/I;307;131;131;123;8;80;43
08;PRIMORSKO-GORANSKA ŽUPANIJA;opæina;LOVRAN;002;LOVRAN;"PROSTORIJE OŠ ""VIKTOR CAR EMIN""";UL.9.RUJNA 4;860;434;434;416;18;311;105
08;PRIMORSKO-GORANSKA ŽUPANIJA;opæina;LOVRAN;003;LOVRAN;"PROSTORIJE HOTELA ""LOVRAN""";ŠETALIŠTE MARŠALA TITA 19;765;372;372;358;14;245;113
08;PRIMORSKO-GORANSKA ŽUPANIJA;opæina;LOVRAN;004;LOVRAN;PROSTORIJE ZAJEDNICE TALIJANA LOVRAN;ŠET.M.TITA 36;643;254;254;240;14;172;68
08;PRIMORSKO-GORANSKA ŽUPANIJA;opæina;LOVRAN;005;MEDVEJA;PROSTORIJE TUR.INF.CENTRA MJESTA MEDVEJA;MEDVEJA 6A;130;81;81;80;1;44;36
08;PRIMORSKO-GORANSKA ŽUPANIJA;opæina;LOVRAN;006;LIGANJ;PROSTORIJE DRUŠTVENOG DOMA LIGANJ;LIGANJ 42;746;357;357;341;16;269;72
08;PRIMORSKO-GORANSKA ŽUPANIJA;opæina;MALINSKA-DUBAŠNICA;001;MALINSKA-DUBAŠNICA;PROST. DRUŠTV.DOMA MATE JUSTINIÆ;SV. VID MIHOLJICE 44;373;53;53;51;2;21;30
08;PRIMORSKO-GORANSKA ŽUPANIJA;opæina;MALINSKA-DUBAŠNICA;002;MILOVÈIÆI;PROSTORIJE DRUŠTVENOG DOMA;MILOVÈIÆI 42;833;110;110;109;1;57;52
08;PRIMORSKO-GORANSKA ŽUPANIJA;opæina;MALINSKA-DUBAŠNICA;003;MALINSKA-DUBAŠNICA;PROST.PRIVATNOG STAMBENOG OBJEKTA;MALINSKA DUBAŠNICA, PORAT BR. 5 A;549;90;90;90;0;42;48
08;PRIMORSKO-GORANSKA ŽUPANIJA;opæina;MALINSKA-DUBAŠNICA;004;MALINSKA-DUBAŠNICA;"PROST. OŠ ""FRAN KRSTO FRANKOPAN""";BOGOVIÆI, STIPKINO 7;507;78;78;76;2;30;46
08;PRIMORSKO-GORANSKA ŽUPANIJA;opæina;MALINSKA-DUBAŠNICA;005;MALINSKA-DUBAŠNICA;PROST. OPÆINE MALINSKA-DUBAŠNICA;MALINSKA-DUB., LINA BOLMARÈIÆA 22;1659;258;258;258;0;153;105
08;PRIMORSKO-GORANSKA ŽUPANIJA;opæina;MATULJI;001;MATULJI;"OŠ ""ANDRIJE MOHOROVIÈIÆ"" - LIJEVO";ŠETALIŠTE DRAGA GERVAISA 1;982;381;381;358;23;258;100
08;PRIMORSKO-GORANSKA ŽUPANIJA;opæina;MATULJI;002;MATULJI;"OŠ ""ANDRIJE MOHOROVIÈIÆ"" - DESNO";ŠETALIŠTE DRAGA GERVAISA 1;1097;399;399;388;11;255;133
08;PRIMORSKO-GORANSKA ŽUPANIJA;opæina;MATULJI;003;BREGI;DOM BREGI;POŠÈIÆI 57;632;257;257;252;5;177;75
08;PRIMORSKO-GORANSKA ŽUPANIJA;opæina;MATULJI;004;MATULJI;OPÆINA MATULJI, ZGRADA OPÆINE MATULJI;TRG M. TITA 11;966;314;314;308;6;203;105
08;PRIMORSKO-GORANSKA ŽUPANIJA;opæina;MATULJI;005;MATULJI;PROSTORIJE AMK-MATULJI;KASTAVSKA CESTA 4;1080;334;334;316;18;186;130
08;PRIMORSKO-GORANSKA ŽUPANIJA;opæina;MATULJI;006;JUŠIÆI;DRUŠTVENI DOM;JUŠIÆI 42;776;306;306;298;8;203;95
08;PRIMORSKO-GORANSKA ŽUPANIJA;opæina;MATULJI;007;RUKAVAC;"PODRUÈNA ŠKOLA ""RUKAVAC""";RUKAVAC BB;1071;355;355;345;10;228;117
08;PRIMORSKO-GORANSKA ŽUPANIJA;opæina;MATULJI;008;JURDANI;MJESNI URED JURDANI;JURDANI 64;563;204;204;200;4;141;59
08;PRIMORSKO-GORANSKA ŽUPANIJA;opæina;MATULJI;009;KUÆELI;DOM BIŠKUPI;BIŠKUPI;112;52;52;47;5;41;6
08;PRIMORSKO-GORANSKA ŽUPANIJA;opæina;MATULJI;010;PERMANI;DOM PERMANI;PERMANI 1;523;231;231;215;16;151;64
08;PRIMORSKO-GORANSKA ŽUPANIJA;opæina;MATULJI;011;BREŠCA;"OŠ ""DRAGO GERVAIS""-BREŠCA";BREŠCA 6;324;130;130;125;5;80;45
08;PRIMORSKO-GORANSKA ŽUPANIJA;opæina;MATULJI;012;VELI BRGUD;DOM VELI BRGUD;VELI BRGUD 62;475;187;187;184;3;134;50
08;PRIMORSKO-GORANSKA ŽUPANIJA;opæina;MATULJI;013;ZVONEÆA;"PODRUÈNA ŠKOLA ""ZVONEÆA""";ZVONEÆA 40;221;85;85;79;6;59;20
08;PRIMORSKO-GORANSKA ŽUPANIJA;opæina;MATULJI;014;VELE MUNE;PROSTORIJE BIVŠE MJESNE ZAJEDNICE;VELE MUNE 2;222;89;89;88;1;56;32
08;PRIMORSKO-GORANSKA ŽUPANIJA;opæina;MATULJI;015;RUPA;DRUŠTVENI DOM RUPA;RUPA 29;288;122;122;119;3;83;36
08;PRIMORSKO-GORANSKA ŽUPANIJA;opæina;MATULJI;016;PASJAK;"KUD ""DANICA""";PASJAK 6O;118;48;48;48;0;23;25
08;PRIMORSKO-GORANSKA ŽUPANIJA;opæina;MATULJI;017;ŠAPJANE;DOM ŠAPJANE;ŠAPJANE;161;97;97;90;7;63;27
08;PRIMORSKO-GORANSKA ŽUPANIJA;opæina;MATULJI;018;BRDCE;ZGRADA BROJ  2;BRDCE;59;14;14;11;3;8;3
08;PRIMORSKO-GORANSKA ŽUPANIJA;opæina;MATULJI;019;LIPA;MUZEJ LIPA;LIPA 35;113;54;54;53;1;39;14
08;PRIMORSKO-GORANSKA ŽUPANIJA;opæina;MATULJI;020;ŽEJANE;PODRUÈNA ŠKOLA ŽEJANE;ŽEJANE 1;107;47;47;47;0;30;17
08;PRIMORSKO-GORANSKA ŽUPANIJA;opæina;MOŠÆENIÈKA DRAGA;001;MOŠÆENIÈKA DRAGA;OPÆINSKA VIJEÆNICA;TRG SLOBODE 7;632;182;182;181;1;122;59
08;PRIMORSKO-GORANSKA ŽUPANIJA;opæina;MOŠÆENIÈKA DRAGA;002;MOŠÆENICE;ŠKOLA MOŠÆENICE, RAZRED;MOŠÆENICE;273;93;93;88;5;70;18
08;PRIMORSKO-GORANSKA ŽUPANIJA;opæina;MOŠÆENIÈKA DRAGA;003;BRSEÈ;ŠKOLA BRSEÈ, RAZRED;BRSEÈ;366;122;122;122;0;87;35
08;PRIMORSKO-GORANSKA ŽUPANIJA;opæina;MRKOPALJ;001;BIRAÈKO MJESTO BR.1;DOM KULTURE MRKOPALJ;MRKOPALJ, NOVI VAROŠ 1;661;172;172;164;8;95;69
08;PRIMORSKO-GORANSKA ŽUPANIJA;opæina;MRKOPALJ;002;BIRAÈKO MJESTO BR.2;OSNOVNA ŠKOLA SUNGER;SUNGER, SUNGER 64 A;308;106;106;103;3;76;27
08;PRIMORSKO-GORANSKA ŽUPANIJA;opæina;OMIŠALJ;001;OMIŠALJ;"KNJIŽNICA ""VID OMIŠLJANIN""";OMIŠALJ, PRIKEŠTE 13;595;152;152;150;2;106;44
08;PRIMORSKO-GORANSKA ŽUPANIJA;opæina;OMIŠALJ;002;OMIŠALJ;VIJEÆNICA OPÆINE OMIŠALJ PRVI KAT LIJEVO;OMIŠALJ, PRIKEŠTE 13;1284;226;226;224;2;132;92
08;PRIMORSKO-GORANSKA ŽUPANIJA;opæina;OMIŠALJ;003;NJIVICE;"PROSTORIJE MJESNOG ODBORA ""NJIVICE""";NJIVICE, RIBARSKA OBALA 10;531;112;112;108;4;56;52
08;PRIMORSKO-GORANSKA ŽUPANIJA;opæina;OMIŠALJ;004;NJIVICE;PROSTORIJE DRUŠTVENOG CENTRA KIJAC;NJIVICE, CVJETNI TRG 8;731;168;168;162;6;113;49
08;PRIMORSKO-GORANSKA ŽUPANIJA;opæina;PUNAT;001;STARA BAŠKA;PRIVATNI PROSTOR;STARA BAŠKA 80;141;86;86;82;4;40;42
08;PRIMORSKO-GORANSKA ŽUPANIJA;opæina;PUNAT;002;PUNAT;ŠKOLSKA SPORTSKA DVORANA PODRUÈNE ŠKOLE PUNAT;PUNAT, POD TOPOL 18;923;588;588;567;21;381;186
08;PRIMORSKO-GORANSKA ŽUPANIJA;opæina;PUNAT;003;PUNAT;PROSTOR ZGRADE NARODNOG DOMA (VELIKA SALA );PUNAT, NOVI PUT 2;981;606;606;577;29;356;221
08;PRIMORSKO-GORANSKA ŽUPANIJA;opæina;RAVNA GORA;001;BIRAÈKO MJESTO BR. 1;DOM KULTURE RAVNA GORA;RAVNA GORA, IVANA GORANA KOVAÈIÆA 138;675;227;227;224;3;111;113
08;PRIMORSKO-GORANSKA ŽUPANIJA;opæina;RAVNA GORA;002;BIRAÈKO MJESTO BR. 2;"SPC ""GORANKA"" RAVNA GORA";RAVNA GORA, I.G. KOVAÈIÆA 174;694;217;217;214;3;120;94
08;PRIMORSKO-GORANSKA ŽUPANIJA;opæina;RAVNA GORA;003;BIRAÈKO MJESTO BR. 3;OSNOVNA ŠKOLA DR. B.MARKOVIÆA, PODRUÈNA ŠKOLA STARA SUŠICA;STARA SUŠICA, KAROLINSKA CESTA 62;197;71;71;71;0;35;36
08;PRIMORSKO-GORANSKA ŽUPANIJA;opæina;RAVNA GORA;004;BIRAÈKO MJESTO BR. 4;VATROGASNI DOM STARI LAZ;STARI LAZ, STARI LAZ 80 A;156;59;59;59;0;33;26
08;PRIMORSKO-GORANSKA ŽUPANIJA;opæina;RAVNA GORA;005;BIRAÈKO MJESTO BR. 5;VATROGASNI DOM KUPJAK;KUPJAK, KUPJAK 86;201;65;65;64;1;27;37
08;PRIMORSKO-GORANSKA ŽUPANIJA;opæina;SKRAD;001;BIRAÈKO MJESTO BR. 1;DOM KULTURE SKRAD;SKRAD, JOSIPA BLAŽEVIÆA-BLAŽA 8A;864;301;301;291;10;148;143
08;PRIMORSKO-GORANSKA ŽUPANIJA;opæina;VINODOLSKA OPÆINA;001;BIRAÈKO MJESTO BROJ 1, ODJELJAK 1;"PROSTORIJE ""DOM KULTURE"" BRIBIR";BRIBIR, BRIBIR 3/I;843;371;371;353;18;219;134
08;PRIMORSKO-GORANSKA ŽUPANIJA;opæina;VINODOLSKA OPÆINA;002;BIRAÈKO MJESTO BROJ 2,ODJELJAK 2;"PROSTORIJE ""DOM KULTURE"" BRIBIR";BRIBIR, BRIBIR 3/I;695;301;301;290;11;155;135
08;PRIMORSKO-GORANSKA ŽUPANIJA;opæina;VINODOLSKA OPÆINA;003;BIRAÈKO MJESTO BR. 3;"PROSTORIJE ""DOM KULTURE"" U GRIŽANIMA-BELGRAD";GRIŽANE 47;843;363;363;355;8;232;123
08;PRIMORSKO-GORANSKA ŽUPANIJA;opæina;VINODOLSKA OPÆINA;004;BIRAÈKO MJESTO BR. 4;"PROSTORIJE ""DOM KULTURE"" TRIBALJ";TRIBALJ, TRIBALJ 31B;609;265;265;259;6;139;120
08;PRIMORSKO-GORANSKA ŽUPANIJA;opæina;VINODOLSKA OPÆINA;005;BIRAÈKO MJESTO BR. 5;"PROSTORIJE ""DOM KULTURE"" DRIVENIK";DRIVENIK, DRIVENIK 6;302;115;115;115;0;61;54
08;PRIMORSKO-GORANSKA ŽUPANIJA;opæina;VIŠKOVO;001;MARINIÆI;"""DOM MARINIÆI""";MARINIÆI 9;1134;283;283;276;7;154;122
08;PRIMORSKO-GORANSKA ŽUPANIJA;opæina;VIŠKOVO;002;MARINIÆI;"""DOM MARINIÆI""";MARINIÆI 9;1136;288;288;281;7;152;129
08;PRIMORSKO-GORANSKA ŽUPANIJA;opæina;VIŠKOVO;003;MARINIÆI;"""DOM MARINIÆI""";MARINIÆI 9;1193;338;338;332;6;187;145
08;PRIMORSKO-GORANSKA ŽUPANIJA;opæina;VIŠKOVO;004;VIŠKOVO;"OŠ ""SVETI MATEJ""";VOZIŠÆE 13;1400;376;376;369;7;201;168
08;PRIMORSKO-GORANSKA ŽUPANIJA;opæina;VIŠKOVO;005;VIŠKOVO;"OŠ ""SVETI MATEJ""";VOZIŠÆE 13;1341;370;370;366;4;208;158
08;PRIMORSKO-GORANSKA ŽUPANIJA;opæina;VIŠKOVO;006;VIŠKOVO;"OŠ ""SVETI MATEJ""";VOZIŠÆE 13;1686;418;418;405;13;163;242
08;PRIMORSKO-GORANSKA ŽUPANIJA;opæina;VIŠKOVO;007;SROKI;"""VATROGASNI DOM""";GORNJI SROKI 53;1412;360;360;351;9;194;157
08;PRIMORSKO-GORANSKA ŽUPANIJA;opæina;VIŠKOVO;008;SROKI;"""VATROGASNI DOM""";GORNJI SROKI 53;1246;303;303;296;7;140;156
08;PRIMORSKO-GORANSKA ŽUPANIJA;opæina;VIŠKOVO;009;MARÈELJI;"""STARA ŠKOLA MARÈELJI""";MARÈELJI 89;1066;305;305;298;7;121;177
08;PRIMORSKO-GORANSKA ŽUPANIJA;opæina;VIŠKOVO;010;MARÈELJI;"""STARA ŠKOLA MARÈELJI""";MARÈELJI 89;1122;352;352;343;9;158;185
08;PRIMORSKO-GORANSKA ŽUPANIJA;opæina;VIŠKOVO;011;SARŠONI;"""STARA ŠKOLA SARŠONI""";SARŠONI BB;1520;440;440;415;25;220;195
08;PRIMORSKO-GORANSKA ŽUPANIJA;opæina;VRBNIK;001;VRBNIK;ZGRADA OPÆINE,  PRIZEMLJE;VRBNIK, TRG ŠKUJICA 7;857;259;259;257;2;95;162
08;PRIMORSKO-GORANSKA ŽUPANIJA;opæina;VRBNIK;002;RISIKA;ZGRADA STARE ŠKOLE;VRBNIK, RISIKA BB;180;34;34;34;0;22;12
08;PRIMORSKO-GORANSKA ŽUPANIJA;opæina;VRBNIK;003;GARICA;ZGRADA STARE ŠKOLE;VRBNIK, GARICA BB;161;46;46;45;1;27;18
