Rbr.županije;Županija;Oznaka GROP;Grad/općina;Rbr BM;Naziv BM;Lokacija BM;Adresa BM;Ukupno birača;Glasovalo birača;Glasovalo birača (po listićima);Važeći listići;Nevažeći listići;DAMIR BAJS;MARKO MARUŠIĆ
07;BJELOVARSKO-BILOGORSKA ŽUPANIJA;grad;BJELOVAR;001;BJELOVAR;GIMNAZIJA;MATICE HRVATSKE 17;683;250;250;242;8;114;128
07;BJELOVARSKO-BILOGORSKA ŽUPANIJA;grad;BJELOVAR;002;BJELOVAR;II. OSNOVNA ŠKOLA;I. V. TRNSKOG 19;502;181;181;178;3;105;73
07;BJELOVARSKO-BILOGORSKA ŽUPANIJA;grad;BJELOVAR;003;BJELOVAR;VELEUČILIŠTE U BJELOVARU I;TRG EUGENA KVATERNIKA 4;521;185;185;183;2;83;100
07;BJELOVARSKO-BILOGORSKA ŽUPANIJA;grad;BJELOVAR;004;BJELOVAR;II O.Š. PODRUČNA ŠKOLA CENTAR;PETRA ZRINSKOG 4;453;156;156;152;4;81;71
07;BJELOVARSKO-BILOGORSKA ŽUPANIJA;grad;BJELOVAR;005;BJELOVAR;VELEUČILIŠTE U BJELOVARU II;A. B. ŠIMIĆA 1;366;143;143;139;4;73;66
07;BJELOVARSKO-BILOGORSKA ŽUPANIJA;grad;BJELOVAR;006;BJELOVAR;"NARODNA KNJIŽNICA ""PETAR PRERADOVIĆ"" DJEČJI ODJEL";ŠETALIŠTE DR. IVŠE LEBOVIĆA 9;662;279;279;273;6;129;144
07;BJELOVARSKO-BILOGORSKA ŽUPANIJA;grad;BJELOVAR;007;BJELOVAR;"NARODNA KNJIŽNICA ""PETAR PRERADOVIĆ""";TRG E. KVATERNIKA 11;375;131;131;128;3;59;69
07;BJELOVARSKO-BILOGORSKA ŽUPANIJA;grad;BJELOVAR;008;BJELOVAR;I. OSNOVNA ŠKOLA;ŽELJKA SABOLA 14;1046;333;333;329;4;163;166
07;BJELOVARSKO-BILOGORSKA ŽUPANIJA;grad;BJELOVAR;009;BJELOVAR;MO DR. A. STARČEVIĆA;A. STEPINCA 20A;1272;447;447;440;7;206;234
07;BJELOVARSKO-BILOGORSKA ŽUPANIJA;grad;BJELOVAR;010;BJELOVAR;DJEČJI VRTIĆ;ULICA ALOJZIJA STEPINCA 36;597;253;253;251;2;129;122
07;BJELOVARSKO-BILOGORSKA ŽUPANIJA;grad;BJELOVAR;011;BJELOVAR;IV OSNOVNA ŠKOLA I;POLJANA DR. FRANJE TUĐMANA 1;1321;449;449;441;8;217;224
07;BJELOVARSKO-BILOGORSKA ŽUPANIJA;grad;BJELOVAR;012;BJELOVAR;III OSNOVNA ŠKOLA;TOME BAKAČA 11D;1393;499;499;490;9;225;265
07;BJELOVARSKO-BILOGORSKA ŽUPANIJA;grad;BJELOVAR;013;BJELOVAR;"MO ""A.G.MATOŠ""";JANKA DRAŠKOVIĆA 1B;617;215;215;207;8;84;123
07;BJELOVARSKO-BILOGORSKA ŽUPANIJA;grad;BJELOVAR;014;BJELOVAR;DJEČJI VRTIĆ BJELOVAR;TRG ANTUNA GUSTAVA MATOŠA 8A;1113;335;335;331;4;161;170
07;BJELOVARSKO-BILOGORSKA ŽUPANIJA;grad;BJELOVAR;015;BJELOVAR;"MO ""STJEPAN RADIĆ""";ANDRIJE MOHOROVIČIĆA 59;1519;582;582;569;13;232;337
07;BJELOVARSKO-BILOGORSKA ŽUPANIJA;grad;BJELOVAR;016;BJELOVAR;IV OSNOVNA ŠKOLA II;POLJANA DR. FRANJE TUĐMANA 1;1251;465;465;452;13;219;233
07;BJELOVARSKO-BILOGORSKA ŽUPANIJA;grad;BJELOVAR;017;BJELOVAR;MEDICINSKA ŠKOLA;POLJANA DR. FRANJE TUĐMANA 8;669;233;233;229;4;116;113
07;BJELOVARSKO-BILOGORSKA ŽUPANIJA;grad;BJELOVAR;018;BJELOVAR;UGOSTITELJSKA ŠKOLA;POLJANA DR. FRANJE TUĐMANA 10;1217;461;461;450;11;162;288
07;BJELOVARSKO-BILOGORSKA ŽUPANIJA;grad;BJELOVAR;019;BJELOVAR;"MO ""BAN J. JELAČIĆ""";RADNIČKO NASELJE PRILAZ II KBR. 3;1196;318;318;312;6;99;213
07;BJELOVARSKO-BILOGORSKA ŽUPANIJA;grad;BJELOVAR;020;BJELOVAR;DOM U HRGOVLJANIMA;MIROSLAVA KRLEŽE 187;1230;480;480;474;6;181;293
07;BJELOVARSKO-BILOGORSKA ŽUPANIJA;grad;BJELOVAR;021;BJELOVAR;DOM U VELIKIM SREDICAMA;VELIKE SREDICE 100;761;252;252;249;3;94;155
07;BJELOVARSKO-BILOGORSKA ŽUPANIJA;grad;BJELOVAR;022;BJELOVAR;DOM NA KRIŽEVAČKOJ CESTI;KRIŽEVAČKA CESTA 3A;896;298;298;292;6;90;202
07;BJELOVARSKO-BILOGORSKA ŽUPANIJA;grad;BJELOVAR;023;BJELOVAR;ŠKOLA U NOVIM PLAVNICAMA;NOVE PLAVNICE 6;352;126;126;125;1;61;64
07;BJELOVARSKO-BILOGORSKA ŽUPANIJA;grad;BJELOVAR;024;BREZA;DOM U BREZI;BREZA 61;100;27;27;27;0;16;11
07;BJELOVARSKO-BILOGORSKA ŽUPANIJA;grad;BJELOVAR;025;BREZOVAC;VATROGASNI DOM U BREZOVCU;GAREŠNIČKA 61;870;299;299;295;4;158;137
07;BJELOVARSKO-BILOGORSKA ŽUPANIJA;grad;BJELOVAR;026;CIGLENA;DOM U CIGLENI;CIGLENA 13;240;57;57;56;1;28;28
07;BJELOVARSKO-BILOGORSKA ŽUPANIJA;grad;BJELOVAR;027;GALOVAC;VATROGASNI DOM U GALOVCU;GALOVAC 85A;326;92;92;90;2;37;53
07;BJELOVARSKO-BILOGORSKA ŽUPANIJA;grad;BJELOVAR;028;GORNJI TOMAŠ;DOM U GORNJEM TOMAŠU;GORNJI TOMAŠ 27A;77;17;17;17;0;5;12
07;BJELOVARSKO-BILOGORSKA ŽUPANIJA;grad;BJELOVAR;029;GUDOVAC;DOM U GUDOVCU;GUDOVAC 31;772;187;187;184;3;38;146
07;BJELOVARSKO-BILOGORSKA ŽUPANIJA;grad;BJELOVAR;030;KLOKOČEVAC;DOM U KLOKOČEVCU;KLOKOČEVAC 86;680;192;192;189;3;44;145
07;BJELOVARSKO-BILOGORSKA ŽUPANIJA;grad;BJELOVAR;031;KOKINAC;DOM U KOKINCU;KOKINAC 43;147;40;40;40;0;12;28
07;BJELOVARSKO-BILOGORSKA ŽUPANIJA;grad;BJELOVAR;032;KUPINOVAC;"PROSTORIJE MO ""KUPINOVAC""";KUPINOVAC 37;132;43;43;40;3;29;11
07;BJELOVARSKO-BILOGORSKA ŽUPANIJA;grad;BJELOVAR;033;LETIČANI;"PROSTORIJE MO ""LETIČANI""";LETIČANI 68A;289;68;68;65;3;31;34
07;BJELOVARSKO-BILOGORSKA ŽUPANIJA;grad;BJELOVAR;034;MALO KORENOVO;"PROSTORIJE MO ""MALO KORENOVO""";MALO KORENOVO 31;152;61;61;61;0;21;40
07;BJELOVARSKO-BILOGORSKA ŽUPANIJA;grad;BJELOVAR;035;NOVI PAVLJANI;"PROSTORIJE MO ""NOVI PAVLJANI""";NOVI PAVLJANI 24;129;42;42;42;0;14;28
07;BJELOVARSKO-BILOGORSKA ŽUPANIJA;grad;BJELOVAR;036;NOVOSELJANI;DOM U NOVOSELJANIMA;NOVOSELJANSKA 91;487;176;176;172;4;60;112
07;BJELOVARSKO-BILOGORSKA ŽUPANIJA;grad;BJELOVAR;037;OBROVNICA;DOM U OBROVNICI;OBROVNICA 38;145;37;37;37;0;26;11
07;BJELOVARSKO-BILOGORSKA ŽUPANIJA;grad;BJELOVAR;038;PATKOVAC;DOM U PATKOVCU;PATKOVAC 30;208;75;75;75;0;12;63
07;BJELOVARSKO-BILOGORSKA ŽUPANIJA;grad;BJELOVAR;039;PLAVNICE GORNJE;DOM U PLAVNICAMA GORNJIM;PLAVNICE GORNJE 39;576;180;180;179;1;51;128
07;BJELOVARSKO-BILOGORSKA ŽUPANIJA;grad;BJELOVAR;040;PRESPA;"PROSTORIJE MO ""PRESPA""";PRESPA 229;423;100;100;98;2;33;65
07;BJELOVARSKO-BILOGORSKA ŽUPANIJA;grad;BJELOVAR;041;PRGOMELJE;DOM U PRGOMELJU;PRGOMELJE 78;498;101;101;98;3;31;67
07;BJELOVARSKO-BILOGORSKA ŽUPANIJA;grad;BJELOVAR;042;PROKLJUVANI;DOM U PROKLJUVANIMA;PROKLJUVANI 53;203;93;93;93;0;13;80
07;BJELOVARSKO-BILOGORSKA ŽUPANIJA;grad;BJELOVAR;043;RAJIĆ;"PROSTORIJE DVD ""RAJIĆ""";RAJIĆ 75;163;25;25;25;0;9;16
07;BJELOVARSKO-BILOGORSKA ŽUPANIJA;grad;BJELOVAR;044;STANČIĆI;DOM U STANČIĆIMA;STANČIĆI 14;78;20;20;20;0;6;14
07;BJELOVARSKO-BILOGORSKA ŽUPANIJA;grad;BJELOVAR;045;STARE PLAVNICE;DOM U STARIM PLAVNICAMA;STAROPLAVNIČKA ULICA 52;544;205;205;204;1;77;127
07;BJELOVARSKO-BILOGORSKA ŽUPANIJA;grad;BJELOVAR;046;STARI PAVLJANI;DOM U STARIM PAVLJANIMA;STARI PAVLJANI 81;184;45;45;43;2;12;31
07;BJELOVARSKO-BILOGORSKA ŽUPANIJA;grad;BJELOVAR;047;TOMAŠ;DOM U TOMAŠU;TOMAŠ 85;204;44;44;43;1;27;16
07;BJELOVARSKO-BILOGORSKA ŽUPANIJA;grad;BJELOVAR;048;TROJSTVENI MARKOVAC;DOM U TROJSTVENOM MARKOVCU;ĐURĐEVAČKA CESTA 148;1460;471;471;459;12;182;277
07;BJELOVARSKO-BILOGORSKA ŽUPANIJA;grad;BJELOVAR;049;VELIKO KORENOVO;DOM U VELIKOM KORENOVU;VELIKO KORENOVO 109A;408;138;138;133;5;51;82
07;BJELOVARSKO-BILOGORSKA ŽUPANIJA;grad;BJELOVAR;050;ZVIJERCI;DOM U ZVIJERCIMA;ZVIJERCI 77A;1829;518;518;509;9;211;298
07;BJELOVARSKO-BILOGORSKA ŽUPANIJA;grad;BJELOVAR;051;ŽDRALOVI;ŠKOLA U ŽDRALOVIMA;DARUVARSKA 40;656;185;185;184;1;71;113
07;BJELOVARSKO-BILOGORSKA ŽUPANIJA;grad;BJELOVAR;052;ŽDRALOVI;DOM U ŽDRALOVIMA;ŽDRALOVSKA 20;554;152;152;148;4;59;89
07;BJELOVARSKO-BILOGORSKA ŽUPANIJA;grad;ČAZMA;001;ČAZMA;DOM KULTURE;TRG ČAZMANSKOG KAPTOLA 13;594;179;179;178;1;61;117
07;BJELOVARSKO-BILOGORSKA ŽUPANIJA;grad;ČAZMA;002;ČAZMA;VIJEĆNICA;KRALJA TOMISLAVA 1;351;151;151;145;6;75;70
07;BJELOVARSKO-BILOGORSKA ŽUPANIJA;grad;ČAZMA;003;DEREZA;DOM DEREZA;DEREZA 30A;179;49;49;48;1;32;16
07;BJELOVARSKO-BILOGORSKA ŽUPANIJA;grad;ČAZMA;004;BOSILJEVO;DOM BOSILJEVO;BOSILJEVO 18;297;64;64;63;1;29;34
07;BJELOVARSKO-BILOGORSKA ŽUPANIJA;grad;ČAZMA;005;ČAZMA;ZGRADA ŠUMARIJE;M. NOVAČIĆA 48;626;232;232;231;1;91;140
07;BJELOVARSKO-BILOGORSKA ŽUPANIJA;grad;ČAZMA;006;ČAZMA;DOM UMIROVLJENIKA;KRALJA TOMISLAVA 10A;624;199;199;197;2;85;112
07;BJELOVARSKO-BILOGORSKA ŽUPANIJA;grad;ČAZMA;007;SUHAJA;DOM SUHAJA;SUHAJA 95;164;29;29;29;0;14;15
07;BJELOVARSKO-BILOGORSKA ŽUPANIJA;grad;ČAZMA;008;MILAŠEVAC;DOM MILAŠEVAC;MILAŠEVAC 49A;123;33;33;33;0;16;17
07;BJELOVARSKO-BILOGORSKA ŽUPANIJA;grad;ČAZMA;009;CERINA;DOM CERINA;CERINA 14;87;23;23;23;0;7;16
07;BJELOVARSKO-BILOGORSKA ŽUPANIJA;grad;ČAZMA;010;GRABIK;KUĆA ĐURE KAPELCA;GRABIK 30;42;31;31;29;2;1;28
07;BJELOVARSKO-BILOGORSKA ŽUPANIJA;grad;ČAZMA;011;GORNJI LIPOVČANI;DOM DVD GORNJI LIPOVČANI;GORNJI LIPOVČANI 30;128;37;37;37;0;11;26
07;BJELOVARSKO-BILOGORSKA ŽUPANIJA;grad;ČAZMA;012;GORNJI DRAGIČEVCI;KUĆA IVANKE FERENČAK;GORNJI DRAGIČEVCI 31;74;26;26;26;0;9;17
07;BJELOVARSKO-BILOGORSKA ŽUPANIJA;grad;ČAZMA;013;DONJI DRAGIČEVCI;KUĆA JADRANKE PAPIĆ;DONJI DRAGIČEVCI 5A;27;17;17;17;0;5;12
07;BJELOVARSKO-BILOGORSKA ŽUPANIJA;grad;ČAZMA;014;PRNJAROVAC;VATROGASNO SPREMIŠTE;PRNJAROVAC 64;88;33;33;33;0;8;25
07;BJELOVARSKO-BILOGORSKA ŽUPANIJA;grad;ČAZMA;015;DAPCI;VATROGASNI DOM DAPCI;DAPCI 210;158;40;40;39;1;12;27
07;BJELOVARSKO-BILOGORSKA ŽUPANIJA;grad;ČAZMA;016;MARČANI;DOM MARČANI;MARČANI 41;82;23;23;23;0;9;14
07;BJELOVARSKO-BILOGORSKA ŽUPANIJA;grad;ČAZMA;017;OPĆEVAC;DOM OPĆEVAC;OPĆEVAC 40;245;55;55;55;0;13;42
07;BJELOVARSKO-BILOGORSKA ŽUPANIJA;grad;ČAZMA;018;SOVARI;DOM SOVARI;SOVARI 28;76;17;17;15;2;5;10
07;BJELOVARSKO-BILOGORSKA ŽUPANIJA;grad;ČAZMA;019;GORNJI DRAGANEC;DOM GORNJI DRAGANEC;GORNJI DRAGANEC 234;320;74;74;73;1;29;44
07;BJELOVARSKO-BILOGORSKA ŽUPANIJA;grad;ČAZMA;020;DONJI DRAGANEC;DOM DONJI DRAGANEC;DONJI DRAGANEC 56;107;40;40;40;0;13;27
07;BJELOVARSKO-BILOGORSKA ŽUPANIJA;grad;ČAZMA;021;SIŠĆANI;DOM SIŠĆANI;SIŠĆANI 101;243;87;87;87;0;33;54
07;BJELOVARSKO-BILOGORSKA ŽUPANIJA;grad;ČAZMA;022;ZDENČEC;DOM ZDENČEC;ZDENČEC 44;71;37;37;36;1;15;21
07;BJELOVARSKO-BILOGORSKA ŽUPANIJA;grad;ČAZMA;023;BOJANA;DOM BOJANA;BOJANA 67;137;70;70;68;2;24;44
07;BJELOVARSKO-BILOGORSKA ŽUPANIJA;grad;ČAZMA;024;VAGOVINA;DOM VAGOVINA;VAGOVINA 105;315;98;98;98;0;33;65
07;BJELOVARSKO-BILOGORSKA ŽUPANIJA;grad;ČAZMA;025;KOMUŠEVAC;DOM KOMUŠEVAC;KOMUŠEVAC 60;143;59;59;59;0;16;43
07;BJELOVARSKO-BILOGORSKA ŽUPANIJA;grad;ČAZMA;026;POBJENIK;ŠKOLA POBJENIK;POBJENIK 102;209;34;34;33;1;19;14
07;BJELOVARSKO-BILOGORSKA ŽUPANIJA;grad;ČAZMA;027;GRABOVNICA;DRUŠTVENI DOM GRABOVNICA;GRABOVNICA 54;322;87;87;86;1;28;58
07;BJELOVARSKO-BILOGORSKA ŽUPANIJA;grad;ČAZMA;028;GORNJI MIKLOUŠ;ŠKOLA GORNJI MIKLOUŠ;GORNJI MIKLOUŠ 61;90;32;32;32;0;17;15
07;BJELOVARSKO-BILOGORSKA ŽUPANIJA;grad;ČAZMA;029;DONJI MIKLOUŠ;DOM DONJI MIKLOUŠ;DONJI MIKLOUŠ 144;153;42;42;40;2;21;19
07;BJELOVARSKO-BILOGORSKA ŽUPANIJA;grad;ČAZMA;030;MARTINAC;DOM MARTINAC;MARTINAC 73;66;17;17;17;0;6;11
07;BJELOVARSKO-BILOGORSKA ŽUPANIJA;grad;ČAZMA;031;NOVO SELO;KUĆA KATE MLINARIĆ;NOVO SELO 18;30;14;14;14;0;10;4
07;BJELOVARSKO-BILOGORSKA ŽUPANIJA;grad;ČAZMA;032;VUČANI;DOM VUČANI;VUČANI 32;66;18;18;18;0;10;8
07;BJELOVARSKO-BILOGORSKA ŽUPANIJA;grad;ČAZMA;033;VRTLINSKA;DOM VRTLINSKA;VRTLINSKA 105;148;42;42;36;6;11;25
07;BJELOVARSKO-BILOGORSKA ŽUPANIJA;grad;ČAZMA;034;PAVLIČANI;DOM PAVLIČANI;PAVLIČANI 57;65;25;25;25;0;13;12
07;BJELOVARSKO-BILOGORSKA ŽUPANIJA;grad;DARUVAR;001;DARUVAR;HRVATSKI DOM;TRG PRESVETOG TROJSTVA 4;432;145;145;143;2;54;89
07;BJELOVARSKO-BILOGORSKA ŽUPANIJA;grad;DARUVAR;002;DARUVAR;UDRUGA MATICE UMIROVLJENIKA;TRG DR. FRANJE TUĐMANA 4;600;247;247;240;7;101;139
07;BJELOVARSKO-BILOGORSKA ŽUPANIJA;grad;DARUVAR;003;DARUVAR;"OSNOVNA ŠKOLA ""VLADIMIR NAZOR""";KRSE FRANKOPANA 80;873;291;291;286;5;90;196
07;BJELOVARSKO-BILOGORSKA ŽUPANIJA;grad;DARUVAR;004;DARUVAR;"OSNOVNA  ŠKOLA ""VLADIMIR NAZOR""";KRSTE FRANKOPANA 80;834;284;284;278;6;80;198
07;BJELOVARSKO-BILOGORSKA ŽUPANIJA;grad;DARUVAR;005;DARUVAR;"OSNOVNA ŠKOLA ""VLADIMIR NAZOR""";KRSTE FRANKOPANA 80;719;224;224;221;3;82;139
07;BJELOVARSKO-BILOGORSKA ŽUPANIJA;grad;DARUVAR;006;DARUVAR;"OSNOVNA ŠKOLA ""VLADIMIR NAZOR""";KRSTE FRANKOPANA 80;575;217;217;209;8;46;163
07;BJELOVARSKO-BILOGORSKA ŽUPANIJA;grad;DARUVAR;007;DARUVAR;HRVATSKE ŠUME ZAGREB, UPRAVA ŠUMA BJELOVAR - ŠUMARIJA DARUVAR;PETRA ZRINSKOG 1;929;349;349;347;2;114;233
07;BJELOVARSKO-BILOGORSKA ŽUPANIJA;grad;DARUVAR;008;DOLJANI;MJESNI DOM DOLJANI;HRVATSKIH BRANITELJA 57;632;247;247;243;4;55;188
07;BJELOVARSKO-BILOGORSKA ŽUPANIJA;grad;DARUVAR;009;DARUVAR;AMBULANTA ZAVODA ZA JAVNO ZDRAVSTVO (HES);PETRA SVAČIĆA 48;647;262;262;258;4;88;170
07;BJELOVARSKO-BILOGORSKA ŽUPANIJA;grad;DARUVAR;010;DARUVAR;VIJEĆNICA UDRUŽENJA OBRTNIKA;JOSIPA JELAČIĆA 15;310;120;120;117;3;46;71
07;BJELOVARSKO-BILOGORSKA ŽUPANIJA;grad;DARUVAR;011;DARUVAR;"OSNOVNA ŠKOLA ""VLADIMIR NAZOR""";LJUDEVITA GAJA 24;413;157;157;155;2;54;101
07;BJELOVARSKO-BILOGORSKA ŽUPANIJA;grad;DARUVAR;012;DARUVAR;ČEŠKI DOM DARUVAR;T. G. MASARYKA 5;676;270;270;267;3;104;163
07;BJELOVARSKO-BILOGORSKA ŽUPANIJA;grad;DARUVAR;013;DARUVAR;ČEŠKI DOM DARUVAR;T. G. MASARYKA 5;663;217;217;212;5;90;122
07;BJELOVARSKO-BILOGORSKA ŽUPANIJA;grad;DARUVAR;014;GORNJI DARUVAR;DOM KULTURE GORNJI DARUVAR;PODBORSKA ULICA 21;340;150;150;142;8;79;63
07;BJELOVARSKO-BILOGORSKA ŽUPANIJA;grad;DARUVAR;015;LJUDEVIT SELO;ČEŠKI DOM LJUDEVIT SELO;LJUDEVIT SELO 15;187;105;105;104;1;57;47
07;BJELOVARSKO-BILOGORSKA ŽUPANIJA;grad;DARUVAR;016;LIPOVAC MAJUR;MJESNI DOM LIPOVAC MAJUR;LIPOVAC MAJUR 6;68;44;44;44;0;8;36
07;BJELOVARSKO-BILOGORSKA ŽUPANIJA;grad;DARUVAR;017;DONJI DARUVAR;VATROGASNI DOM DONJI DARUVAR;MATIJE GUPCA 163;792;256;256;250;6;114;136
07;BJELOVARSKO-BILOGORSKA ŽUPANIJA;grad;GAREŠNICA;001;ZDENČAC;OSNOVNA ŠKOLA;BANOVAČA 77;352;147;147;145;2;23;122
07;BJELOVARSKO-BILOGORSKA ŽUPANIJA;grad;GAREŠNICA;002;GAREŠNIČKI BRESTOVAC;HRVATSKI RADNIČKI DOM;BRESTOVAČKA ULICA 72;741;266;266;265;1;81;184
07;BJELOVARSKO-BILOGORSKA ŽUPANIJA;grad;GAREŠNICA;003;TOMAŠICA;SEOSKI DOM PROSTOR BIVŠE TRGOVINE;TOMAŠICA 127;275;85;85;83;2;28;55
07;BJELOVARSKO-BILOGORSKA ŽUPANIJA;grad;GAREŠNICA;004;MALI PAŠIJAN;SEOSKI DOM;MALI PAŠIJAN 72;140;28;28;26;2;9;17
07;BJELOVARSKO-BILOGORSKA ŽUPANIJA;grad;GAREŠNICA;005;VELIKI PAŠIJAN;SEOSKI DOM;VELIKI PAŠIJAN 73;242;46;46;46;0;24;22
07;BJELOVARSKO-BILOGORSKA ŽUPANIJA;grad;GAREŠNICA;006;DIŠNIK;SEOSKI DOM;DIŠNIK 58;296;124;124;119;5;39;80
07;BJELOVARSKO-BILOGORSKA ŽUPANIJA;grad;GAREŠNICA;007;TRNOVITIČKI POPOVAC;MJESNI DOM;TRNOVITIČKI POPOVAC 85;308;107;107;107;0;48;59
07;BJELOVARSKO-BILOGORSKA ŽUPANIJA;grad;GAREŠNICA;008;VELIKI PROKOP;SEOSKI DOM;VELIKI PROKOP 5 A;29;14;14;14;0;10;4
07;BJELOVARSKO-BILOGORSKA ŽUPANIJA;grad;GAREŠNICA;009;VELIKA BRŠLJANICA;OSNOVNA ŠKOLA;VELIKA BRŠLJANICA 71;174;56;56;56;0;38;18
07;BJELOVARSKO-BILOGORSKA ŽUPANIJA;grad;GAREŠNICA;010;MALA BRŠLJANICA;DRUŠTVENI DOM;VELIKA BRŠLJANICA 46 A;35;13;13;13;0;9;4
07;BJELOVARSKO-BILOGORSKA ŽUPANIJA;grad;GAREŠNICA;011;GAREŠNICA;VATROGASNI DOM;UL. MATIJE GUPCA 136;730;193;193;187;6;69;118
07;BJELOVARSKO-BILOGORSKA ŽUPANIJA;grad;GAREŠNICA;012;KANIŠKA IVA;HRVATSKI SELJAČKI DOM;KANIŠKA IVA 145;355;100;100;99;1;29;70
07;BJELOVARSKO-BILOGORSKA ŽUPANIJA;grad;GAREŠNICA;013;CIGLENICA;SEOSKI DOM;CIGLENICA 85A;307;86;86;84;2;19;65
07;BJELOVARSKO-BILOGORSKA ŽUPANIJA;grad;GAREŠNICA;014;ROGOŽA;OSNOVNA ŠKOLA;ROGOŽA 54;202;47;47;47;0;35;12
07;BJELOVARSKO-BILOGORSKA ŽUPANIJA;grad;GAREŠNICA;015;GAREŠNICA;OSNOVNA ŠKOLA;KOLODVORSKA ULICA 4;294;92;92;91;1;29;62
07;BJELOVARSKO-BILOGORSKA ŽUPANIJA;grad;GAREŠNICA;016;VELIKO VUKOVJE;SEOSKI DOM;VELIKO VUKOVJE 146;192;36;36;36;0;32;4
07;BJELOVARSKO-BILOGORSKA ŽUPANIJA;grad;GAREŠNICA;017;MALO VUKOVJE;SEOSKI DOM;MALO VUKOVJE 39;96;36;36;36;0;7;29
07;BJELOVARSKO-BILOGORSKA ŽUPANIJA;grad;GAREŠNICA;018;HRASTOVAC;HRVATSKI DOM;TRG ANTE STARČEVIĆA 4;364;92;92;91;1;39;52
07;BJELOVARSKO-BILOGORSKA ŽUPANIJA;grad;GAREŠNICA;019;GAREŠNICA;PROSTOR UDRUGE UMIROVLJENIKA;TRG HRVATSKIH BRANITELJA 10;1096;349;349;341;8;130;211
07;BJELOVARSKO-BILOGORSKA ŽUPANIJA;grad;GAREŠNICA;020;DUHOVI;OSNOVNA ŠKOLA;DUHOVI 44;79;27;27;27;0;21;6
07;BJELOVARSKO-BILOGORSKA ŽUPANIJA;grad;GAREŠNICA;021;ULJANIK;DOM KULTURE;ULJANIK 68;216;52;52;52;0;25;27
07;BJELOVARSKO-BILOGORSKA ŽUPANIJA;grad;GAREŠNICA;022;GORNJI ULJANIK;KUĆA MARICE LEVANIĆ;GORNJI ULJANIK 23;95;35;35;34;1;15;19
07;BJELOVARSKO-BILOGORSKA ŽUPANIJA;grad;GAREŠNICA;023;ULJANIČKI BRIJEG;KUĆA ŽELJKA MIKULČIĆA;ULJANIČKI BRIJEG 5;16;9;9;9;0;8;1
07;BJELOVARSKO-BILOGORSKA ŽUPANIJA;grad;GAREŠNICA;024;GAREŠNICA;HRVATSKI DOM;VLADIMIRA NAZORA 21;1071;306;306;297;9;137;160
07;BJELOVARSKO-BILOGORSKA ŽUPANIJA;grad;GAREŠNICA;025;KAPELICA;DRUŠTVENI DOM;KAPELICA 105;460;95;95;95;0;41;54
07;BJELOVARSKO-BILOGORSKA ŽUPANIJA;grad;GAREŠNICA;026;KAJGANA;VATROGASNI DOM;KAJGANA 39;211;74;74;73;1;29;44
07;BJELOVARSKO-BILOGORSKA ŽUPANIJA;grad;GRUBIŠNO POLJE;001;GRUBIŠNO POLJE;CENTAR ZA KULTURU I INFORMIRANJE DR. FRANJO TUĐMAN;IVANA NEPOMUKA JEMERŠIĆA 1;561;249;249;245;4;83;162
07;BJELOVARSKO-BILOGORSKA ŽUPANIJA;grad;GRUBIŠNO POLJE;002;GRUBIŠNO POLJE;MATICA UMIROVLJENIKA GRUBIŠNO POLJE;ULICA 4. STUDENI 1991. KBR.1A;719;321;321;315;6;125;190
07;BJELOVARSKO-BILOGORSKA ŽUPANIJA;grad;GRUBIŠNO POLJE;003;GRUBIŠNO POLJE;"SREDNJA ŠKOLA ""BARTOLA KAŠIĆA""";BARTOLA KAŠIĆA 1;794;301;301;296;5;79;217
07;BJELOVARSKO-BILOGORSKA ŽUPANIJA;grad;GRUBIŠNO POLJE;004;GRUBIŠNO POLJE;MJESNI DOM U GRUBIŠNOM POLJU;KRALJA ZVONIMIRA 75.;251;123;123;120;3;50;70
07;BJELOVARSKO-BILOGORSKA ŽUPANIJA;grad;GRUBIŠNO POLJE;005;POLJANI;VATROGASNI DOM U POLJANIMA;POLJANI 66;209;91;91;90;1;31;59
07;BJELOVARSKO-BILOGORSKA ŽUPANIJA;grad;GRUBIŠNO POLJE;006;DONJA RAŠENICA;VATROGASNI DOM U DONJOJ RAŠENICI;DONJA RAŠENICA 59;195;86;86;85;1;40;45
07;BJELOVARSKO-BILOGORSKA ŽUPANIJA;grad;GRUBIŠNO POLJE;007;IVANOVO SELO;MJESNI DOM U IVANOVOM SELU;PRAŠKA 5;198;118;118;116;2;64;52
07;BJELOVARSKO-BILOGORSKA ŽUPANIJA;grad;GRUBIŠNO POLJE;008;RASTOVAC;LOVAČKI DOM U RASTOVCU;RASTOVAC 46;103;46;46;44;2;14;30
07;BJELOVARSKO-BILOGORSKA ŽUPANIJA;grad;GRUBIŠNO POLJE;009;TREGLAVA;MJESNI DOM U TREGLAVI;TREGLAVA 2;76;46;46;45;1;21;24
07;BJELOVARSKO-BILOGORSKA ŽUPANIJA;grad;GRUBIŠNO POLJE;010;VELIKI ZDENCI;MJESNI DOM U VELIKIM ZDENCIMA;MATE LOVRAKA 115;268;121;121;117;4;35;82
07;BJELOVARSKO-BILOGORSKA ŽUPANIJA;grad;GRUBIŠNO POLJE;011;VELIKI ZDENCI;ZGRADA U PARKU VELIKI ZDENCI;TRG KRALJA TOMISLAVA 3;439;178;178;172;6;66;106
07;BJELOVARSKO-BILOGORSKA ŽUPANIJA;grad;GRUBIŠNO POLJE;012;MALI ZDENCI;MJESNI DOM U MALIM ZDENCIMA;ANTUNA MIHANOVIĆA 77;354;162;162;159;3;47;112
07;BJELOVARSKO-BILOGORSKA ŽUPANIJA;grad;GRUBIŠNO POLJE;013;ORLOVAC ZDENAČKI;MJESNI DOM U ORLOVCU ZDENAČKOM;ORLOVAC ZDENAČKI 70A;223;89;89;89;0;30;59
07;BJELOVARSKO-BILOGORSKA ŽUPANIJA;grad;GRUBIŠNO POLJE;014;GRBAVAC;MJESNI DOM U GRBAVCU;GRBAVAC 76;173;115;115;112;3;61;51
07;BJELOVARSKO-BILOGORSKA ŽUPANIJA;grad;GRUBIŠNO POLJE;015;VELIKA BARNA;MJESNI DOM U VELIKOJ BARNI;KRALJA TOMISLAVA 1A;282;113;113;112;1;50;62
07;BJELOVARSKO-BILOGORSKA ŽUPANIJA;grad;GRUBIŠNO POLJE;016;LONČARICA;MJESNI DOM U LONČARICI;LONČARICA 50;101;52;52;52;0;23;29
07;BJELOVARSKO-BILOGORSKA ŽUPANIJA;grad;GRUBIŠNO POLJE;017;DAPČEVAČKI BRĐANI;MJESNI DOM U DAPČEVAČKIM BRĐANIMA;DAPČEVAČKI BRĐANI 7;114;60;60;60;0;15;45
07;BJELOVARSKO-BILOGORSKA ŽUPANIJA;općina;BEREK;001;BEREK;MJESNI DOM BEREK;BEREK 77 A;345;112;112;111;1;51;60
07;BJELOVARSKO-BILOGORSKA ŽUPANIJA;općina;BEREK;002;POTOK;MJESNI DOM POTOK;POTOK 15;42;18;18;17;1;7;10
07;BJELOVARSKO-BILOGORSKA ŽUPANIJA;općina;BEREK;003;RUŠKOVAC;MJESNI DOM RUŠKOVAC;RUŠKOVAC 38;74;36;36;36;0;14;22
07;BJELOVARSKO-BILOGORSKA ŽUPANIJA;općina;BEREK;004;ŠIMLJANICA;MJESNI DOM ŠIMLJANICA;ŠIMLJANICA 53;85;27;27;27;0;16;11
07;BJELOVARSKO-BILOGORSKA ŽUPANIJA;općina;BEREK;005;ŠIMLJANA;MJESNI DOM ŠIMLJANA;ŠIMLJANA 30;71;26;26;25;1;12;13
07;BJELOVARSKO-BILOGORSKA ŽUPANIJA;općina;BEREK;006;PODGARIĆ;MJESNI DOM PODGARIĆ;PODGARIĆ 24 B;33;14;14;14;0;14;0
07;BJELOVARSKO-BILOGORSKA ŽUPANIJA;općina;BEREK;007;NOVO SELO GAREŠNIČKO;MJESNI DOM NOVO SELO GAREŠNIČKO;NOVO SELO GAREŠNIČKO 28 A;33;22;22;22;0;17;5
07;BJELOVARSKO-BILOGORSKA ŽUPANIJA;općina;BEREK;008;GORNJA GAREŠNICA;MJESNI DOM GORNJA GAREŠNICA;GORNJA GAREŠNICA 36;118;52;52;52;0;28;24
07;BJELOVARSKO-BILOGORSKA ŽUPANIJA;općina;BEREK;009;ŠIMLJANIK;MJESNI DOM ŠIMLJANIK;ŠIMLJANIK 22;24;13;13;13;0;7;6
07;BJELOVARSKO-BILOGORSKA ŽUPANIJA;općina;BEREK;010;KOSTANJEVAC;MJESNI DOM KOSTANJEVAC;KOSTANJEVAC 93;92;21;21;21;0;11;10
07;BJELOVARSKO-BILOGORSKA ŽUPANIJA;općina;BEREK;011;BEGOVAČA;MJESNI DOM BEGOVAČA;BEGOVAČA 27;24;10;10;10;0;9;1
07;BJELOVARSKO-BILOGORSKA ŽUPANIJA;općina;BEREK;012;OŠTRI ZID;MJESNI DOM OŠTRI ZID;OŠTRI ZID 37 A;80;44;44;43;1;33;10
07;BJELOVARSKO-BILOGORSKA ŽUPANIJA;općina;BEREK;013;KRIVAJA;MJESNI DOM KRIVAJA;KRIVAJA 18;33;20;20;20;0;14;6
07;BJELOVARSKO-BILOGORSKA ŽUPANIJA;općina;DEŽANOVAC;001;GORNJI DEŽANOVAC;VATROGASNI DOM;GORNJI DEŽANOVAC 46;243;74;74;74;0;15;59
07;BJELOVARSKO-BILOGORSKA ŽUPANIJA;općina;DEŽANOVAC;002;DONJI DEŽANOVAC;DRUŠTVENI DOM;DONJI DEŽANOVAC 285;453;146;146;141;5;67;74
07;BJELOVARSKO-BILOGORSKA ŽUPANIJA;općina;DEŽANOVAC;003;IVANOVO POLJE;VATROGASNI DOM;IVANOVO POLJE 53;167;53;53;52;1;15;37
07;BJELOVARSKO-BILOGORSKA ŽUPANIJA;općina;DEŽANOVAC;004;KREŠTELOVAC;DOM KULTURE;KREŠTELOVAC 65;86;29;29;29;0;19;10
07;BJELOVARSKO-BILOGORSKA ŽUPANIJA;općina;DEŽANOVAC;005;SOKOLOVAC;VATROGASNI DOM;BRAĆE RADIĆA 14;176;56;56;53;3;25;28
07;BJELOVARSKO-BILOGORSKA ŽUPANIJA;općina;DEŽANOVAC;006;BLAGORODOVAC;DOM KULTURE;BANA JELAČIĆA BB;169;32;32;32;0;14;18
07;BJELOVARSKO-BILOGORSKA ŽUPANIJA;općina;DEŽANOVAC;007;GOVEĐE POLJE;VATROGASNI DOM;GOVEĐE POLJE 31;77;34;34;34;0;31;3
07;BJELOVARSKO-BILOGORSKA ŽUPANIJA;općina;DEŽANOVAC;008;TROJEGLAVA;DOM KULTURE;HRVATSKIH VELIKANA 1;204;46;46;46;0;12;34
07;BJELOVARSKO-BILOGORSKA ŽUPANIJA;općina;DEŽANOVAC;009;GORNJI SREĐANI;VATROGASNI DOM;GORNJI SREĐANI 70;184;35;35;34;1;13;21
07;BJELOVARSKO-BILOGORSKA ŽUPANIJA;općina;DEŽANOVAC;010;DONJI SREĐANI;ČEŠKI DOM;DONJI SREĐANI 22;158;35;35;35;0;20;15
07;BJELOVARSKO-BILOGORSKA ŽUPANIJA;općina;DEŽANOVAC;011;GOLUBINJAK;ČEŠKI DOM;GOLUBINJAK 62;109;47;47;46;1;11;35
07;BJELOVARSKO-BILOGORSKA ŽUPANIJA;općina;ĐULOVAC;001;BATINJANI;DOM U BATINJANIMA;BATINJANI 70;227;101;101;98;3;41;57
07;BJELOVARSKO-BILOGORSKA ŽUPANIJA;općina;ĐULOVAC;002;VUKOVJE;DOM U VUKOVJU;VUKOVJE 33;131;83;83;78;5;25;53
07;BJELOVARSKO-BILOGORSKA ŽUPANIJA;općina;ĐULOVAC;003;BOROVA KOSA;DOM U BOROVOJ KOSI;BOROVA KOSA 41;55;41;41;41;0;26;15
07;BJELOVARSKO-BILOGORSKA ŽUPANIJA;općina;ĐULOVAC;004;MASLENJAČA;DOM U MALOJ MASLENJAČI;MALA MASLENJAČA 2D;222;143;143;143;0;66;77
07;BJELOVARSKO-BILOGORSKA ŽUPANIJA;općina;ĐULOVAC;005;VELIKI BASTAJI;OSNOVNA ŠKOLA U VELIKIM BASTAJIMA;VELIKI BASTAJI 82;506;437;437;430;7;211;219
07;BJELOVARSKO-BILOGORSKA ŽUPANIJA;općina;ĐULOVAC;006;VELIKI MILETINAC;DOM U VELIKOM MILETINCU;VELIKI MILETINAC 38;58;53;53;53;0;25;28
07;BJELOVARSKO-BILOGORSKA ŽUPANIJA;općina;ĐULOVAC;007;ĐULOVAC;HRVATSKI DOM U ĐULOVCU- LIJEVO;FRANKOPANSKA 2;690;528;528;512;16;270;242
07;BJELOVARSKO-BILOGORSKA ŽUPANIJA;općina;ĐULOVAC;008;ĐULOVAC;HRVATSKI DOM U ĐULOVCU-DESNO;FRANKOPANSKA 2;350;228;228;224;4;165;59
07;BJELOVARSKO-BILOGORSKA ŽUPANIJA;općina;ĐULOVAC;009;MALA BABINA GORA;DOM U MALOJ BABINOJ GORI;MALA BABINA GORA 16;73;51;51;51;0;32;19
07;BJELOVARSKO-BILOGORSKA ŽUPANIJA;općina;ĐULOVAC;010;KORENIČANI;DOM U KORENIČANIMA;KORENIČANI BB;178;147;147;145;2;78;67
07;BJELOVARSKO-BILOGORSKA ŽUPANIJA;općina;HERCEGOVAC;001;HERCEGOVAC;HRVATSKI SELJAČKI DOM;MOSLAVAČKA 154;527;199;199;197;2;47;150
07;BJELOVARSKO-BILOGORSKA ŽUPANIJA;općina;HERCEGOVAC;002;HERCEGOVAC;MASARYKOV DOM;MOSLAVAČKA ULICA 142;336;105;105;103;2;29;74
07;BJELOVARSKO-BILOGORSKA ŽUPANIJA;općina;HERCEGOVAC;003;VELIKA TRNAVA;MJESNI DOM;VELIKA TRNAVA 50;243;71;71;69;2;9;60
07;BJELOVARSKO-BILOGORSKA ŽUPANIJA;općina;HERCEGOVAC;004;LADISLAV;MJESNI DOM;LADISLAV 114;286;76;76;75;1;31;44
07;BJELOVARSKO-BILOGORSKA ŽUPANIJA;općina;HERCEGOVAC;005;ILOVSKI KLOKOČEVAC;MJESNI DOM;ILOVSKI KLOKOČEVAC 43;117;22;22;21;1;8;13
07;BJELOVARSKO-BILOGORSKA ŽUPANIJA;općina;HERCEGOVAC;006;PALEŠNIK;MJESNI DOM;PALEŠNIK 105;402;127;127;124;3;30;94
07;BJELOVARSKO-BILOGORSKA ŽUPANIJA;općina;IVANSKA;001;IVANSKA;DRUŠTVENI DOM  IVANSKA;IVANSKA, SLAVKA KOLARA 1;577;271;271;268;3;204;64
07;BJELOVARSKO-BILOGORSKA ŽUPANIJA;općina;IVANSKA;002;KOLAREVO SELO;DRUŠTVENI DOM;KOLAREVO SELO 71;105;25;25;25;0;21;4
07;BJELOVARSKO-BILOGORSKA ŽUPANIJA;općina;IVANSKA;003;UTISKANI;HRVATSKI SELJAČKI DOM;UTISKANI 31 A;139;80;80;78;2;60;18
07;BJELOVARSKO-BILOGORSKA ŽUPANIJA;općina;IVANSKA;004;ĐURĐIC;DRUŠTVENI DOM;ĐURĐIC 33;157;60;60;60;0;39;21
07;BJELOVARSKO-BILOGORSKA ŽUPANIJA;općina;IVANSKA;005;KRIŽIC;DRUŠTVENI DOM;KRIŽIC 84;134;81;81;79;2;67;12
07;BJELOVARSKO-BILOGORSKA ŽUPANIJA;općina;IVANSKA;006;RASTOVAC;DOM RASTOVAC;RASTOVAC 28;25;15;15;15;0;8;7
07;BJELOVARSKO-BILOGORSKA ŽUPANIJA;općina;IVANSKA;007;SAMARICA;VATROGASNI DOM;SAMARICA 60A;118;84;84;81;3;69;12
07;BJELOVARSKO-BILOGORSKA ŽUPANIJA;općina;IVANSKA;008;DONJA PETRIČKA;VATROGASNI DOM;DONJA PETRIČKA 60;120;72;72;71;1;62;9
07;BJELOVARSKO-BILOGORSKA ŽUPANIJA;općina;IVANSKA;009;GORNJA PETRIČKA;VATROGASNI DOM;GORNJA PETRIČKA 30;86;53;53;52;1;45;7
07;BJELOVARSKO-BILOGORSKA ŽUPANIJA;općina;IVANSKA;010;BABINAC;DRUŠTVENI DOM;BABINAC 50;113;72;72;71;1;63;8
07;BJELOVARSKO-BILOGORSKA ŽUPANIJA;općina;IVANSKA;011;SRIJEDSKA;VATROGASNI DOM;SRIJEDSKA 47;228;80;80;79;1;64;15
07;BJELOVARSKO-BILOGORSKA ŽUPANIJA;općina;IVANSKA;012;STARA PLOŠĆICA;DRUŠTVENI DOM;STARA PLOŠĆICA 72;200;101;101;95;6;35;60
07;BJELOVARSKO-BILOGORSKA ŽUPANIJA;općina;IVANSKA;013;PALJEVINE;DRUŠTVENI DOM;PALJEVINE 9;184;72;72;72;0;42;30
07;BJELOVARSKO-BILOGORSKA ŽUPANIJA;općina;KAPELA;001;KAPELA;VATROGASNI DOM;BILOGORSKA 56;362;110;110;109;1;68;41
07;BJELOVARSKO-BILOGORSKA ŽUPANIJA;općina;KAPELA;002;BOTINAC;VATROGASNI DOM;BOTINAC 29;84;50;50;50;0;22;28
07;BJELOVARSKO-BILOGORSKA ŽUPANIJA;općina;KAPELA;003;LIPOVO BRDO;VATROGASNI DOM;LIPOVO BRDO 38;88;32;32;32;0;14;18
07;BJELOVARSKO-BILOGORSKA ŽUPANIJA;općina;KAPELA;004;SREDNJA DIKLENICA;DRUŠTVENI DOM;SREDNJA DIKLENICA 23;49;27;27;27;0;19;8
07;BJELOVARSKO-BILOGORSKA ŽUPANIJA;općina;KAPELA;005;NOVI SKUCANI;KUĆA-OPĆINA KAPELA;NOVI SKUCANI 39;146;43;43;43;0;12;31
07;BJELOVARSKO-BILOGORSKA ŽUPANIJA;općina;KAPELA;006;STARA DIKLENICA;DRUŠTVENI DOM;STARA DIKLENICA 13;39;27;27;27;0;25;2
07;BJELOVARSKO-BILOGORSKA ŽUPANIJA;općina;KAPELA;007;KOBASIČARI;VATROGASNI DOM;KOBASIČARI 136;167;53;53;53;0;39;14
07;BJELOVARSKO-BILOGORSKA ŽUPANIJA;općina;KAPELA;008;STANIĆI;VATROGASNI DOM;STANIĆI 39;93;33;33;33;0;23;10
07;BJELOVARSKO-BILOGORSKA ŽUPANIJA;općina;KAPELA;009;STARI SKUCANI;DRUŠTVENI DOM;STARI SKUCANI 81;106;55;55;55;0;25;30
07;BJELOVARSKO-BILOGORSKA ŽUPANIJA;općina;KAPELA;010;STARČEVLJANI;VATROGASNI DOM;STARČEVLJANI 55;123;59;59;57;2;38;19
07;BJELOVARSKO-BILOGORSKA ŽUPANIJA;općina;KAPELA;011;NOVA DIKLENICA;VATROGASNI DOM;NOVA DIKLENICA 15;113;49;49;49;0;35;14
07;BJELOVARSKO-BILOGORSKA ŽUPANIJA;općina;KAPELA;012;JABUČETA;VATROGASNI DOM;JABUČETA 40A;39;14;14;14;0;9;5
07;BJELOVARSKO-BILOGORSKA ŽUPANIJA;općina;KAPELA;013;GORNJE ZDELICE;VATROGASNI DOM;GORNJE ZDELICE 52;114;34;34;34;0;30;4
07;BJELOVARSKO-BILOGORSKA ŽUPANIJA;općina;KAPELA;014;GORNJI MOSTI;VATROGASNI DOM;GORNJI MOSTI 38;46;30;30;30;0;28;2
07;BJELOVARSKO-BILOGORSKA ŽUPANIJA;općina;KAPELA;015;SREDNJI MOSTI;VATROGASNI DOM;SREDNJI MOSTI 31A;55;27;27;27;0;23;4
07;BJELOVARSKO-BILOGORSKA ŽUPANIJA;općina;KAPELA;016;DONJI MOSTI;VATROGASNI DOM;DONJI MOSTI 57;147;56;56;56;0;33;23
07;BJELOVARSKO-BILOGORSKA ŽUPANIJA;općina;KAPELA;017;POLJANČANI;VATROGASNI DOM;POLJANČANI 22;53;22;22;22;0;15;7
07;BJELOVARSKO-BILOGORSKA ŽUPANIJA;općina;KAPELA;018;GORNJE SREDICE;VATROGASNI DOM;GORNJE SREDICE 76;105;46;46;46;0;36;10
07;BJELOVARSKO-BILOGORSKA ŽUPANIJA;općina;KAPELA;019;ŠIPTARI;MLJEKARSKA KUĆICA U ŠIPTARIMA;ŠIPTARI 11A;60;18;18;18;0;11;7
07;BJELOVARSKO-BILOGORSKA ŽUPANIJA;općina;KAPELA;020;PAVLIN KLOŠTAR;VATROGASNI DOM;PAVLIN KLOŠTAR 44;106;42;42;42;0;22;20
07;BJELOVARSKO-BILOGORSKA ŽUPANIJA;općina;KAPELA;021;VISOVI;KONTEJNER MJESNOG ODBORA VISOVI;VISOVI 33 A;82;23;23;23;0;12;11
07;BJELOVARSKO-BILOGORSKA ŽUPANIJA;općina;KAPELA;022;TVRDA REKA;DRUŠTVENI DOM;TVRDA REKA 22A;19;14;14;14;0;11;3
07;BJELOVARSKO-BILOGORSKA ŽUPANIJA;općina;KAPELA;023;PRNJAVOR;PRIVATNA KUĆA-KUŠTER DALIBOR;PRNJAVOR 20;19;14;14;14;0;11;3
07;BJELOVARSKO-BILOGORSKA ŽUPANIJA;općina;KAPELA;024;BABOTOK;VATROGASNI DOM;BABOTOK 21;84;47;47;43;4;30;13
07;BJELOVARSKO-BILOGORSKA ŽUPANIJA;općina;KONČANICA;001;KONČANICA;ČEŠKI DOM KONČANICA;KONČANICA 260;653;226;226;220;6;116;104
07;BJELOVARSKO-BILOGORSKA ŽUPANIJA;općina;KONČANICA;002;OTKOPI;MJESNI DOM;OTKOPI 8;51;28;28;28;0;19;9
07;BJELOVARSKO-BILOGORSKA ŽUPANIJA;općina;KONČANICA;003;DARUVARSKI BRESTOVAC;ČEŠKI DOM DARUVARSKI BRESTOVAC;DARUVARSKI BRESTOVAC 185;592;157;157;157;0;79;78
07;BJELOVARSKO-BILOGORSKA ŽUPANIJA;općina;KONČANICA;004;ŠUPLJA LIPA;VATROGASNI DOM;ŠUPLJA LIPA 28;143;65;65;63;2;13;50
07;BJELOVARSKO-BILOGORSKA ŽUPANIJA;općina;KONČANICA;005;DIOŠ;PODRUČNA ŠKOLA DIOŠ;DIOŠ 68/A;118;65;65;62;3;35;27
07;BJELOVARSKO-BILOGORSKA ŽUPANIJA;općina;KONČANICA;006;STRAŽANAC;DOM  KULTURE;STRAŽANAC 66;104;26;26;26;0;5;21
07;BJELOVARSKO-BILOGORSKA ŽUPANIJA;općina;KONČANICA;007;IMSOVAC;DOM  KULTURE;IMSOVAC 67;142;27;27;27;0;22;5
07;BJELOVARSKO-BILOGORSKA ŽUPANIJA;općina;NOVA RAČA;001;NOVA RAČA;MJESNI DOM;TRG S. RADIĆA 9;381;145;145;144;1;98;46
07;BJELOVARSKO-BILOGORSKA ŽUPANIJA;općina;NOVA RAČA;002;MEĐURAČA;MJESNI DOM;MEĐURAČA 204A;256;72;72;69;3;25;44
07;BJELOVARSKO-BILOGORSKA ŽUPANIJA;općina;NOVA RAČA;003;DAUTAN;MJESNI DOM;DAUTAN 98;225;86;86;85;1;40;45
07;BJELOVARSKO-BILOGORSKA ŽUPANIJA;općina;NOVA RAČA;004;NEVINAC;MJESNI DOM;NEVINAC 32;156;46;46;46;0;22;24
07;BJELOVARSKO-BILOGORSKA ŽUPANIJA;općina;NOVA RAČA;005;STARA RAČA;MJESNI DOM;STARA RAČA 74;241;82;82;82;0;56;26
07;BJELOVARSKO-BILOGORSKA ŽUPANIJA;općina;NOVA RAČA;006;TOCILJEVAC;MJESNI DOM;TOCILJEVAC 7;67;24;24;24;0;16;8
07;BJELOVARSKO-BILOGORSKA ŽUPANIJA;općina;NOVA RAČA;007;SASOVAC;OSNOVNA ŠKOLA;SASOVAC 25;165;56;56;56;0;36;20
07;BJELOVARSKO-BILOGORSKA ŽUPANIJA;općina;NOVA RAČA;008;ORLOVAC;MJESNI DOM;ORLOVAC 65A;118;39;39;39;0;23;16
07;BJELOVARSKO-BILOGORSKA ŽUPANIJA;općina;NOVA RAČA;009;SLOVINSKA KOVAČICA;MJESNI DOM;SLOVINSKA KOVAČICA 67;105;63;63;62;1;46;16
07;BJELOVARSKO-BILOGORSKA ŽUPANIJA;općina;NOVA RAČA;010;KOZAREVAC RAČANSKI;MJESNI DOM;KOZAREVAC RAČANSKI 44;84;45;45;45;0;29;16
07;BJELOVARSKO-BILOGORSKA ŽUPANIJA;općina;NOVA RAČA;011;BULINAC;MJESNI DOM;BULINAC 90;262;77;77;76;1;49;27
07;BJELOVARSKO-BILOGORSKA ŽUPANIJA;općina;NOVA RAČA;012;BEDENIK;MJESNI DOM;BEDENIK 125;355;84;84;83;1;52;31
07;BJELOVARSKO-BILOGORSKA ŽUPANIJA;općina;NOVA RAČA;013;DRLJANOVAC;MJESNI DOM;DRLJANOVAC 34;186;64;64;63;1;27;36
07;BJELOVARSKO-BILOGORSKA ŽUPANIJA;općina;ROVIŠĆE;001;ROVIŠĆE;DRUŠTVENI DOM (VELIKA DVORANA);TRG HRVATSKIH BRANITELJA 2;963;342;341;335;6;101;234
07;BJELOVARSKO-BILOGORSKA ŽUPANIJA;općina;ROVIŠĆE;002;PREDAVAC;DRUŠTVENI DOM PREDAVAC;TRG HRVATSKIH GRANIČARA 25;989;356;356;348;8;57;291
07;BJELOVARSKO-BILOGORSKA ŽUPANIJA;općina;ROVIŠĆE;003;PREKOBRDO;DRUŠTVENI DOM;PREKOBRDO 100;96;34;34;34;0;7;27
07;BJELOVARSKO-BILOGORSKA ŽUPANIJA;općina;ROVIŠĆE;004;DOMANKUŠ;DRUŠTVENI DOM;DOMANKUŠ 44;195;95;95;95;0;9;86
07;BJELOVARSKO-BILOGORSKA ŽUPANIJA;općina;ROVIŠĆE;005;GORNJE ROVIŠĆE;DRUŠTVENI DOM;GORNJE ROVIŠĆE 44;72;19;19;19;0;6;13
07;BJELOVARSKO-BILOGORSKA ŽUPANIJA;općina;ROVIŠĆE;006;KAKINAC;VATROGASNI DOM;KAKINAC 32;47;33;33;33;0;2;31
07;BJELOVARSKO-BILOGORSKA ŽUPANIJA;općina;ROVIŠĆE;007;KOVAČEVAC;VATROGASNI DOM;KOVAČEVAC 29;143;28;28;28;0;10;18
07;BJELOVARSKO-BILOGORSKA ŽUPANIJA;općina;ROVIŠĆE;008;PODGORCI;DRUŠTVENI DOM;PODGORCI 68;328;141;141;138;3;26;112
07;BJELOVARSKO-BILOGORSKA ŽUPANIJA;općina;ROVIŠĆE;009;TUK;VATROGASNI DOM;TUK 69;288;79;79;77;2;18;59
07;BJELOVARSKO-BILOGORSKA ŽUPANIJA;općina;ROVIŠĆE;010;ŽABJAK;VATROGASNI DOM;ŽABJAK 40;348;103;103;102;1;22;80
07;BJELOVARSKO-BILOGORSKA ŽUPANIJA;općina;ROVIŠĆE;011;KRALJEVAC;VATROGASNI DOM;KRALJEVAC 292;335;95;95;93;2;15;78
07;BJELOVARSKO-BILOGORSKA ŽUPANIJA;općina;ROVIŠĆE;012;LIPOVČANI;PRIVATNA KUĆA JOSIPA TUNIĆA;LIPOVČANI 14;38;27;27;27;0;3;24
07;BJELOVARSKO-BILOGORSKA ŽUPANIJA;općina;SEVERIN;001;SEVERIN;ZGRADA OPĆINE SEVERIN;SEVERIN 137;267;164;164;160;4;71;89
07;BJELOVARSKO-BILOGORSKA ŽUPANIJA;općina;SEVERIN;002;SEVERIN;PODRUČNA ŠKOLA U SEVERINU;SEVERIN 235;160;121;121;118;3;53;65
07;BJELOVARSKO-BILOGORSKA ŽUPANIJA;općina;SEVERIN;003;OROVAC;VATROGASNI DOM U OROVCU;OROVAC 49;258;188;188;183;5;102;81
07;BJELOVARSKO-BILOGORSKA ŽUPANIJA;općina;SIRAČ;001;SIRAČ;OPĆINA SIRAČ - UDRUGA UMIROVLJENIKA;STJEPANA RADIĆA 120;665;232;232;232;0;48;184
07;BJELOVARSKO-BILOGORSKA ŽUPANIJA;općina;SIRAČ;002;SIRAČ;OSNOVNA ŠKOLA U SIRAČU;VLADIMIRA  NAZORA 10;521;220;220;217;3;40;177
07;BJELOVARSKO-BILOGORSKA ŽUPANIJA;općina;SIRAČ;003;ŠIBOVAC;OSNOVNA ŠKOLA U ŠIBOVCU;ŠIBOVAC 16;186;53;53;51;2;15;36
07;BJELOVARSKO-BILOGORSKA ŽUPANIJA;općina;SIRAČ;004;MILJANOVAC;DOM KULTURE MILJANOVAC;MILJANOVAC 55;132;43;43;43;0;13;30
07;BJELOVARSKO-BILOGORSKA ŽUPANIJA;općina;SIRAČ;005;KIP;OSNOVNA ŠKOLA;KIP 40;132;55;55;54;1;5;49
07;BJELOVARSKO-BILOGORSKA ŽUPANIJA;općina;SIRAČ;006;PAKRANI;DOM KULTURE U PAKRANIMA;PAKRANI 54;104;22;22;22;0;8;14
07;BJELOVARSKO-BILOGORSKA ŽUPANIJA;općina;SIRAČ;007;BIJELA;DOM KULTURE BIJELA;BIJELA 26;83;20;20;20;0;11;9
07;BJELOVARSKO-BILOGORSKA ŽUPANIJA;općina;ŠANDROVAC;001;LASOVAC;DRUŠTVENI DOM;LASOVAC 122;371;244;244;236;8;81;155
07;BJELOVARSKO-BILOGORSKA ŽUPANIJA;općina;ŠANDROVAC;002;RAVNEŠ;DRUŠTVENI DOM;RAVNEŠ 78;91;66;66;65;1;42;23
07;BJELOVARSKO-BILOGORSKA ŽUPANIJA;općina;ŠANDROVAC;003;KAŠLJAVAC;DRUŠTVENI DOM;KAŠLJAVAC 27;102;55;55;54;1;37;17
07;BJELOVARSKO-BILOGORSKA ŽUPANIJA;općina;ŠANDROVAC;004;PUPELICA;DRUŠTVENI DOM;PUPELICA 44;119;71;71;70;1;25;45
07;BJELOVARSKO-BILOGORSKA ŽUPANIJA;općina;ŠANDROVAC;005;JASENIK;DRUŠTVENI DOM;JASENIK 7;31;28;28;28;0;8;20
07;BJELOVARSKO-BILOGORSKA ŽUPANIJA;općina;ŠANDROVAC;006;ŠANDROVAC;DRUŠTVENI DOM-VELIKA SALA;BJELOVARSKA 6;529;345;345;333;12;127;206
07;BJELOVARSKO-BILOGORSKA ŽUPANIJA;općina;ŠTEFANJE;001;NARTA;ZDRAVSTVENA AMBULANTA - NARTA;NARTA 294;206;78;78;78;0;19;59
07;BJELOVARSKO-BILOGORSKA ŽUPANIJA;općina;ŠTEFANJE;002;NARTA;VARTOGASNI DOM NARTA;NARTA 180;339;97;97;96;1;49;47
07;BJELOVARSKO-BILOGORSKA ŽUPANIJA;općina;ŠTEFANJE;003;ŠTEFANJE;DRUŠTVENI DOM ŠTEFANJE;ŠTEFANJE 61;233;98;98;96;2;22;74
07;BJELOVARSKO-BILOGORSKA ŽUPANIJA;općina;ŠTEFANJE;004;ŠTEFANJE;DRUŠTVENI DOM ŠTEFANJE BRIJEG;ŠTEFANJE 236 A;54;23;23;22;1;10;12
07;BJELOVARSKO-BILOGORSKA ŽUPANIJA;općina;ŠTEFANJE;005;STARO ŠTEFANJE;DRUŠTVENI DOM STARO ŠTEFANJE;STARO ŠTEFANJE 90;148;83;83;83;0;20;63
07;BJELOVARSKO-BILOGORSKA ŽUPANIJA;općina;ŠTEFANJE;006;LAMINAC;DRUŠTVENI DOM LAMINAC;LAMINAC 133;244;71;71;68;3;28;40
07;BJELOVARSKO-BILOGORSKA ŽUPANIJA;općina;ŠTEFANJE;007;BLATNICA;DRUŠTVENI DOM BLATNICA;BLATNICA 78;78;29;29;29;0;16;13
07;BJELOVARSKO-BILOGORSKA ŽUPANIJA;općina;ŠTEFANJE;008;DONJA ŠUŠNJARA;DRUŠTVENI DOM DONJA ŠUŠNJARA;DONJA ŠUŠNJARA 67;101;61;61;60;1;13;47
07;BJELOVARSKO-BILOGORSKA ŽUPANIJA;općina;ŠTEFANJE;009;GORNJA ŠUŠNJARA;DRUŠTVENI DOM GORNJA ŠUŠNJARA;GORNJA ŠUŠNJARA 24 A;25;15;15;14;1;4;10
07;BJELOVARSKO-BILOGORSKA ŽUPANIJA;općina;ŠTEFANJE;010;STARINE;DRUŠTVENI DOM STARINE;STARINE 13;46;28;28;28;0;12;16
07;BJELOVARSKO-BILOGORSKA ŽUPANIJA;općina;ŠTEFANJE;011;DASKATICA;DRUŠTVENI DOM DASKATICA;DASKATICA 26;82;29;29;29;0;6;23
07;BJELOVARSKO-BILOGORSKA ŽUPANIJA;općina;VELIKA PISANICA;001;VELIKA PISANICA;DONJI MJESNI DOM;HRVATSKIH MUČENIKA 159;413;134;134;132;2;74;58
07;BJELOVARSKO-BILOGORSKA ŽUPANIJA;općina;VELIKA PISANICA;002;VELIKA PISANICA;GORNJI MJESNI DOM;TRG HRVATSKIH BRANITELJA 3;385;74;74;74;0;32;42
07;BJELOVARSKO-BILOGORSKA ŽUPANIJA;općina;VELIKA PISANICA;003;POLUM;MJESNI DOM;POLUM 15;33;9;9;7;2;6;1
07;BJELOVARSKO-BILOGORSKA ŽUPANIJA;općina;VELIKA PISANICA;004;BABINAC;MJESNI DOM;BABINAC 34;219;33;33;33;0;14;19
07;BJELOVARSKO-BILOGORSKA ŽUPANIJA;općina;VELIKA PISANICA;005;RIBNJAČKA;MJESNI DOM;RIBNJAČKA 38;109;37;37;37;0;8;29
07;BJELOVARSKO-BILOGORSKA ŽUPANIJA;općina;VELIKA PISANICA;006;NOVA PISANICA;MJESNI DOM;NOVA PISANICA 10;42;13;13;13;0;5;8
07;BJELOVARSKO-BILOGORSKA ŽUPANIJA;općina;VELIKA PISANICA;007;BAČKOVICA;MJESNI DOM;BAČKOVICA 60;42;4;4;4;0;3;1
07;BJELOVARSKO-BILOGORSKA ŽUPANIJA;općina;VELIKA PISANICA;008;ČAĐAVAC;MJESNI DOM;ČAĐAVAC 42;50;11;11;11;0;8;3
07;BJELOVARSKO-BILOGORSKA ŽUPANIJA;općina;VELIKA TRNOVITICA;001;VELIKA TRNOVITICA;MJESNI DOM;VELIKA TRNOVITICA 223 A;480;230;230;229;1;84;145
07;BJELOVARSKO-BILOGORSKA ŽUPANIJA;općina;VELIKA TRNOVITICA;002;MALA TRNOVITICA;MJESNI DOM;MALA TRNOVITICA 22 A;45;18;18;18;0;15;3
07;BJELOVARSKO-BILOGORSKA ŽUPANIJA;općina;VELIKA TRNOVITICA;003;NOVA PLOŠČICA;MJESNI DOM;NOVA PLOŠČICA 73;271;137;137;136;1;25;111
07;BJELOVARSKO-BILOGORSKA ŽUPANIJA;općina;VELIKA TRNOVITICA;004;GORNJA PLOŠČICA;MJESNI DOM;GORNJA PLOŠČICA 18 A;28;19;19;19;0;4;15
07;BJELOVARSKO-BILOGORSKA ŽUPANIJA;općina;VELIKA TRNOVITICA;005;GORNJA TRNOVITICA;MJESNI DOM;GORNJA TRNOVITICA 25;47;26;26;26;0;3;23
07;BJELOVARSKO-BILOGORSKA ŽUPANIJA;općina;VELIKA TRNOVITICA;006;MLINSKI VINOGRADI;MJESNI DOM;MLINSKI VINOGRADI 18 A;26;14;14;14;0;5;9
07;BJELOVARSKO-BILOGORSKA ŽUPANIJA;općina;VELIKA TRNOVITICA;007;VELIKA MLINSKA;MJESNI DOM;VELIKA MLINSKA 32 A;93;39;39;39;0;14;25
07;BJELOVARSKO-BILOGORSKA ŽUPANIJA;općina;VELIKA TRNOVITICA;008;MALA MLINSKA;MJESNI DOM;MALA MLINSKA 9 A;65;46;46;46;0;15;31
07;BJELOVARSKO-BILOGORSKA ŽUPANIJA;općina;VELIKI GRĐEVAC;001;VELIKI GRĐEVAC;BIVŠA TRGOVINA DAVORKE ŠOJAT;IGNACA FRANCIŠKOVIĆA 38;302;115;115;115;0;65;50
07;BJELOVARSKO-BILOGORSKA ŽUPANIJA;općina;VELIKI GRĐEVAC;002;VELIKI GRĐEVAC;OSNOVNA ŠKOLA MATE LOVRAKA;TRG M. LOVRAKA 11;431;178;178;173;5;104;69
07;BJELOVARSKO-BILOGORSKA ŽUPANIJA;općina;VELIKI GRĐEVAC;003;VELIKI GRĐEVAC;POSLOVNI PROSTOR MILANA RAKOCIJE;V. NAZORA 55;223;102;102;100;2;63;37
07;BJELOVARSKO-BILOGORSKA ŽUPANIJA;općina;VELIKI GRĐEVAC;004;PAVLOVAC;PODRUČNA ŠKOLA;KRALJA ZVONIMIRA 2;150;50;50;50;0;33;17
07;BJELOVARSKO-BILOGORSKA ŽUPANIJA;općina;VELIKI GRĐEVAC;005;PAVLOVAC;POSLOVNI PROSTOR MILOVANA KUNDAKA;MATIJE GUPCA 86;161;75;75;74;1;62;12
07;BJELOVARSKO-BILOGORSKA ŽUPANIJA;općina;VELIKI GRĐEVAC;006;PAVLOVAC;KUĆA DRAGICE RANOGAJEC;KOLODVORSKA  96;118;50;50;50;0;7;43
07;BJELOVARSKO-BILOGORSKA ŽUPANIJA;općina;VELIKI GRĐEVAC;007;DONJA KOVAČICA;MJESNI DOM U DONJOJ KOVAČICI;DONJA KOVAČICA 53A;217;106;106;106;0;78;28
07;BJELOVARSKO-BILOGORSKA ŽUPANIJA;općina;VELIKI GRĐEVAC;008;MALA PISANICA;MJESNI DOM U MALOJ PISANICI;MALA PISANICA 43;140;44;44;43;1;28;15
07;BJELOVARSKO-BILOGORSKA ŽUPANIJA;općina;VELIKI GRĐEVAC;009;DRAŽICA;MJESNI DOM U DRAŽICI;DRAŽICA 71;104;44;44;44;0;18;26
07;BJELOVARSKO-BILOGORSKA ŽUPANIJA;općina;VELIKI GRĐEVAC;010;GORNJA KOVAČICA;VATROGASNO SPREMIŠTE U G. KOVAČICI;GORNJA KOVAČICA 95;245;79;79;78;1;31;47
07;BJELOVARSKO-BILOGORSKA ŽUPANIJA;općina;VELIKI GRĐEVAC;011;ZRINSKA;BIVŠA TRGOVINA U ZRINSKOJ;ZRINSKA 47;101;29;29;26;3;16;10
07;BJELOVARSKO-BILOGORSKA ŽUPANIJA;općina;VELIKO TROJSTVO;001;MARTINAC;DRUŠTVENI DOM;MARTINAC 33;102;71;71;71;0;42;29
07;BJELOVARSKO-BILOGORSKA ŽUPANIJA;općina;VELIKO TROJSTVO;002;MAGLENČA;DRUŠTVENI DOM;MAGLENČA 17;260;140;140;138;2;80;58
07;BJELOVARSKO-BILOGORSKA ŽUPANIJA;općina;VELIKO TROJSTVO;003;KEGLJEVAC;DRUŠTVENI DOM;KEGLJEVAC 24;41;27;27;26;1;11;15
07;BJELOVARSKO-BILOGORSKA ŽUPANIJA;općina;VELIKO TROJSTVO;004;VRBICA;DRUŠTVENI DOM;VRBICA 60;88;66;66;65;1;31;34
07;BJELOVARSKO-BILOGORSKA ŽUPANIJA;općina;VELIKO TROJSTVO;005;PAULOVAC;KONTEJNER;PAULOVAC;79;51;51;51;0;15;36
07;BJELOVARSKO-BILOGORSKA ŽUPANIJA;općina;VELIKO TROJSTVO;006;ĆURLOVAC;DRUŠTVENI DOM;ĆURLOVAC 101;218;149;149;148;1;67;81
07;BJELOVARSKO-BILOGORSKA ŽUPANIJA;općina;VELIKO TROJSTVO;007;DOMINKOVICA;DRUŠTVENI DOM;DOMINKOVICA 37;40;34;34;33;1;19;14
07;BJELOVARSKO-BILOGORSKA ŽUPANIJA;općina;VELIKO TROJSTVO;008;GRGINAC;DRUŠTVENI DOM;GRGINAC 60;177;104;104;98;6;54;44
07;BJELOVARSKO-BILOGORSKA ŽUPANIJA;općina;VELIKO TROJSTVO;009;MALO TROJSTVO;DRUŠTVENI DOM;MALO TROJSTVO 73;127;88;88;87;1;36;51
07;BJELOVARSKO-BILOGORSKA ŽUPANIJA;općina;VELIKO TROJSTVO;010;VIŠNJEVAC;DRUŠTVENI DOM;VIŠNJEVAC 52;88;68;68;65;3;44;21
07;BJELOVARSKO-BILOGORSKA ŽUPANIJA;općina;VELIKO TROJSTVO;011;VELIKO TROJSTVO;ZGRADA OPĆINE-MALA DVORANA;BRAĆE RADIĆ 28;998;553;553;538;15;245;293
07;BJELOVARSKO-BILOGORSKA ŽUPANIJA;općina;ZRINSKI TOPOLOVAC;001;ZRINSKI TOPOLOVAC;OPĆINSKI DOM;ZRINSKI TOPOLOVAC 274;448;201;201;196;5;23;173
07;BJELOVARSKO-BILOGORSKA ŽUPANIJA;općina;ZRINSKI TOPOLOVAC;002;JAKOPOVAC;VATROGASNI DOM;JAKOPOVAC 28;94;41;41;41;0;8;33
07;BJELOVARSKO-BILOGORSKA ŽUPANIJA;općina;ZRINSKI TOPOLOVAC;003;GORNJI KRIŽ;VATROGASNI DOM;GORNJI KRIŽ 34;97;40;40;39;1;11;28
