Rbr.županije;Županija;Oznaka GROP;Grad/opæina;Rbr BM;Naziv BM;Lokacija BM;Adresa BM;Ukupno biraèa;Glasovalo biraèa;Glasovalo biraèa (po listiæima);Važeæi listiæi;Nevažeæi listiæi;TOMISLAV TOMAŠEVIÆ;MIROSLAV ŠKORO
21;GRAD ZAGREB;grad;GRAD ZAGREB;001;ANDRIJA MEDULIÆ;DRŽAVNA ŠKOLA ZA JAVNU UPRAVU;MEDULIÆEVA ULICA 36;996;501;500;489;11;292;197
21;GRAD ZAGREB;grad;GRAD ZAGREB;002;ANDRIJA MEDULIÆ;DRŽAVNA ŠKOLA ZA JAVNU UPRAVU;MEDULIÆEVA ULICA 36;984;502;502;489;13;363;126
21;GRAD ZAGREB;grad;GRAD ZAGREB;003;AUGUST ŠENOA;PROSTORIJE MJESNOG ODBORA;ULICA PAVLA HATZA 8;1106;540;540;529;11;392;137
21;GRAD ZAGREB;grad;GRAD ZAGREB;004;AUGUST ŠENOA;PROSTORIJE MJESNOG ODBORA;ULICA PAVLA HATZA 8;1175;581;581;569;12;416;153
21;GRAD ZAGREB;grad;GRAD ZAGREB;005;CVJETNI TRG;OŠ IVANA GUNDULIÆA;GUNDULIÆEVA ULICA 23A;1006;507;507;496;11;404;92
21;GRAD ZAGREB;grad;GRAD ZAGREB;006;CVJETNI TRG;OŠ IVANA GUNDULIÆA;GUNDULIÆEVA ULICA 23A;994;496;496;483;13;371;112
21;GRAD ZAGREB;grad;GRAD ZAGREB;007;HRVATSKI NARODNI VLADARI;PROSTORIJE MJESNOG ODBORA;ULICA KNEZA BORNE 9;1520;687;687;676;11;505;171
21;GRAD ZAGREB;grad;GRAD ZAGREB;008;KNEZ MISLAV;VII GIMNAZIJA;ULICA JURJA KRIŽANIÆA 4;1325;720;720;709;11;563;146
21;GRAD ZAGREB;grad;GRAD ZAGREB;009;KNEZ MISLAV;VII GIMNAZIJA;ULICA JURJA KRIŽANIÆA 4;1229;625;625;617;8;465;152
21;GRAD ZAGREB;grad;GRAD ZAGREB;010;KRALJ PETAR SVAÈIÆ;PROSTORIJE MJESNOG ODBORA;PRERADOVIÆEVA ULICA 29;1185;603;603;595;8;447;148
21;GRAD ZAGREB;grad;GRAD ZAGREB;011;KRALJ PETAR SVAÈIÆ;ELEKTRA;GUNDULIÆEVA ULICA 32;1263;649;649;639;10;506;133
21;GRAD ZAGREB;grad;GRAD ZAGREB;012;KRALJ ZVONIMIR;OŠ S.S. KRANJÈEVIÆA;ULICA BALTAZARA BOGIŠIÆA 13;1228;613;613;601;12;460;141
21;GRAD ZAGREB;grad;GRAD ZAGREB;013;KRALJ ZVONIMIR;OŠ S.S. KRANJÈEVIÆA;ULICA BALTAZARA BOGIŠIÆA 13;1219;611;611;605;6;467;138
21;GRAD ZAGREB;grad;GRAD ZAGREB;014;KRALJ ZVONIMIR;POLIKLINIKA SUVAG;ULICA LJUDEVITA POSAVSKOG 10;1153;580;579;571;8;440;131
21;GRAD ZAGREB;grad;GRAD ZAGREB;015;KRALJ ZVONIMIR;POLIKLINIKA SUVAG;ULICA LJUDEVITA POSAVSKOG 10;1173;620;620;604;16;482;122
21;GRAD ZAGREB;grad;GRAD ZAGREB;016;MATKO LAGINJA;PROSTORIJE MJESNOG ODBORA;ULICA MATKA LAGINJE 11;1271;684;684;666;18;541;125
21;GRAD ZAGREB;grad;GRAD ZAGREB;017;MATKO LAGINJA;OŠ MATKA LAGINJE;ULICA MATKA LAGINJE 13;1247;666;666;653;13;491;162
21;GRAD ZAGREB;grad;GRAD ZAGREB;018;MIMARA;OŠ IZIDORA KRŠNJAVOGA;ULICA ISIDORA KRŠNJAVOGA 2;800;379;379;367;12;280;87
21;GRAD ZAGREB;grad;GRAD ZAGREB;019;MIMARA;OŠ IZIDORA KRŠNJAVOGA;ULICA ISIDORA KRŠNJAVOGA 2;780;362;362;354;8;276;78
21;GRAD ZAGREB;grad;GRAD ZAGREB;020;NADBISKUP ANTUN BAUER;OŠ MATKA LAGINJE;ULICA MATKA LAGINJE 13;885;457;456;446;10;337;109
21;GRAD ZAGREB;grad;GRAD ZAGREB;021;NADBISKUP ANTUN BAUER;OŠ MATKA LAGINJE;ULICA MATKA LAGINJE 13;997;535;535;522;13;403;119
21;GRAD ZAGREB;grad;GRAD ZAGREB;022;PAVAO ŠUBIÆ;OŠ MATKA LAGINJE;ULICA MATKA LAGINJE 13;1110;565;565;551;14;471;80
21;GRAD ZAGREB;grad;GRAD ZAGREB;023;PAVAO ŠUBIÆ;OŠ MATKA LAGINJE;ULICA MATKA LAGINJE 13;1120;524;524;514;10;398;116
21;GRAD ZAGREB;grad;GRAD ZAGREB;024;PETAR KREŠIMIR IV;KLASIÈNA GIMNAZIJA;ULICA JURJA KRIŽANIÆA 4A;828;439;439;433;6;345;88
21;GRAD ZAGREB;grad;GRAD ZAGREB;025;PETAR KREŠIMIR IV;KLASIÈNA GIMNAZIJA;ULICA JURJA KRIŽANIÆA 4A;791;400;400;387;13;302;85
21;GRAD ZAGREB;grad;GRAD ZAGREB;026;PETAR ZRINSKI;PROSTORIJE MJESNOG ODBORA;PRIMORSKA ULICA 32;1295;685;685;675;10;545;130
21;GRAD ZAGREB;grad;GRAD ZAGREB;027;PETAR ZRINSKI;I. TEHNIÈKA ŠKOLA TESLA;ULICA VJEKOSLAVA KLAIÆA 7;1119;523;523;514;9;411;103
21;GRAD ZAGREB;grad;GRAD ZAGREB;028;PETAR ZRINSKI;I. TEHNIÈKA ŠKOLA TESLA;ULICA VJEKOSLAVA KLAIÆA 7;1141;538;538;522;16;401;121
21;GRAD ZAGREB;grad;GRAD ZAGREB;029;ZRINJEVAC;PROSTORIJE MJESNOG ODBORA;PALMOTIÆEVA ULICA 30;887;419;419;413;6;308;105
21;GRAD ZAGREB;grad;GRAD ZAGREB;030;ZRINJEVAC;PROSTORIJE MJESNOG ODBORA;PALMOTIÆEVA ULICA 30;762;396;387;387;0;275;112
21;GRAD ZAGREB;grad;GRAD ZAGREB;031;AUGUST CESAREC;PROSTORIJE MJESNOG ODBORA;TKALÈIÆEVA ULICA 33 DVORANA, PRIZEMLJE DESNO;1355;572;571;560;11;354;206
21;GRAD ZAGREB;grad;GRAD ZAGREB;032;GORNJI GRAD;STARA GRADSKA VIJEÆNICA;ULICA SV. ÆIRILA I METODA 5;1233;610;610;593;17;457;136
21;GRAD ZAGREB;grad;GRAD ZAGREB;033;GORNJI GRAD;STARA GRADSKA VIJEÆNICA;ULICA SV. ÆIRILA I METODA 5;1107;514;514;502;12;382;120
21;GRAD ZAGREB;grad;GRAD ZAGREB;034;GUPÈEVA ZVIJEZDA;UPRAVA GRADSKIH GROBLJA;ALEJA HERMANNA BOLLEA 27;602;285;285;281;4;198;83
21;GRAD ZAGREB;grad;GRAD ZAGREB;035;GUPÈEVA ZVIJEZDA;PROSTORIJE MJESNOG ODBORA, DVORANA LIJEVO;KSAVER 203;544;276;276;273;3;209;64
21;GRAD ZAGREB;grad;GRAD ZAGREB;036;GUPÈEVA ZVIJEZDA;CENTAR ZA REHABILITACIJU 'ZAGREB';ORLOVAC 2;692;384;384;369;15;227;142
21;GRAD ZAGREB;grad;GRAD ZAGREB;037;IVAN KUKULJEVIÆ SAKCINSKI;PROSTORIJE MJESNOG ODBORA;RADNIÈKI DOL 1;837;460;460;454;6;371;83
21;GRAD ZAGREB;grad;GRAD ZAGREB;038;IVAN KUKULJEVIÆ SAKCINSKI;DOM ZDRAVLJA ZAGREB-ZAPAD;RADNIÈKI DOL 24;868;461;460;452;8;342;110
21;GRAD ZAGREB;grad;GRAD ZAGREB;039;KRALJEVEC;PROSTORIJE MJESNOG ODBORA;KRALJEVEC 11;906;482;482;468;14;347;121
21;GRAD ZAGREB;grad;GRAD ZAGREB;040;MEDVEŠÈAK;PROSTORIJE MJESNOG ODBORA;MEDVEŠÈAK 2;1350;687;687;672;15;530;142
21;GRAD ZAGREB;grad;GRAD ZAGREB;041;MEDVEŠÈAK;PROSTORIJE MJESNOG ODBORA;ULICA MILANA ŠUFFLAYA 2;783;400;400;389;11;290;99
21;GRAD ZAGREB;grad;GRAD ZAGREB;042;NOVA VES;PROSTORIJE MJESNOG ODBORA;NOVA VES 36;1405;706;706;682;24;488;194
21;GRAD ZAGREB;grad;GRAD ZAGREB;043;NOVA VES;ŠKOLA ZA MEDICINSKE SESTRE MLINARSKA;MLINARSKA CESTA 34;1103;520;520;511;9;378;133
21;GRAD ZAGREB;grad;GRAD ZAGREB;044;PETROVA;PROSTORIJE MJESNOG ODBORA;ULICA JAKOVA GOTOVCA 7;876;420;420;411;9;319;92
21;GRAD ZAGREB;grad;GRAD ZAGREB;045;PETROVA;DJEÈJI VRTIÆ MEDVEŠÈAK - PODRUÈNI OBJEKT;JURKOVIÆEVA ULICA 14;679;320;320;308;12;232;76
21;GRAD ZAGREB;grad;GRAD ZAGREB;046;RIBNJAK;"CENTAR MLADIH ""RIBNJAK""";RIBNJAK 1;1143;588;588;575;13;452;123
21;GRAD ZAGREB;grad;GRAD ZAGREB;047;STJEPAN RADIÆ;OŠ PANTOVÈAK;HERCEGOVAÈKA ULICA 108;1253;637;637;631;6;422;209
21;GRAD ZAGREB;grad;GRAD ZAGREB;048;STJEPAN RADIÆ;OŠ PANTOVÈAK;HERCEGOVAÈKA ULICA 108;1359;701;701;688;13;472;216
21;GRAD ZAGREB;grad;GRAD ZAGREB;049;STJEPAN RADIÆ;KAZALIŠTE HISTRION - PREDVORJE;ILICA 90;1252;616;616;604;12;445;159
21;GRAD ZAGREB;grad;GRAD ZAGREB;050;ŠALATA;OŠ IVANA GORANA KOVAÈIÆA;ULICA MATIJE MESIÆA 35;1468;812;812;785;27;534;251
21;GRAD ZAGREB;grad;GRAD ZAGREB;051;TUŠKANAC;DJEÈJI VRTIÆ TATJANE MARINIÆ, PODRUÈNI OBJEKT;ULICA IVANA GORANA KOVAÈIÆA 31;775;408;406;398;8;307;91
21;GRAD ZAGREB;grad;GRAD ZAGREB;052;TUŠKANAC;PROSTORIJE MJESNOG ODBORA;JABUKOVAC 28;628;314;314;312;2;212;100
21;GRAD ZAGREB;grad;GRAD ZAGREB;053;TUŠKANAC;CENTAR ZA ODGOJ DJECE I MLADEŽI;GORNJE PREKRIŽJE 48;344;186;186;185;1;143;42
21;GRAD ZAGREB;grad;GRAD ZAGREB;054;TUŠKANAC;HRVATSKI FILMSKI SAVEZ;TUŠKANAC 1;235;106;106;105;1;90;15
21;GRAD ZAGREB;grad;GRAD ZAGREB;055;VOÆARSKA;DJEÈJI VRTIÆ MEDVEŠÈAK;VOÆARSKA CESTA 69;1354;700;700;691;9;502;189
21;GRAD ZAGREB;grad;GRAD ZAGREB;056;VOÆARSKA;DJEÈJI VRTIÆ MEDVEŠÈAK;VOÆARSKA CESTA 69;1462;676;676;663;13;498;165
21;GRAD ZAGREB;grad;GRAD ZAGREB;057;CVJETNICA;DJEÈJI VRTIÆ VRBIK;ŠETALIŠTE JURIJA GAGARINA 10;828;442;442;433;9;344;89
21;GRAD ZAGREB;grad;GRAD ZAGREB;058;CVJETNICA;DJEÈJI VRTIÆ VRBIK;ŠETALIŠTE JURIJA GAGARINA 10;706;393;393;385;8;305;80
21;GRAD ZAGREB;grad;GRAD ZAGREB;059;CVJETNO NASELJE;OŠ CVJETNO NASELJE;CVJETNA CESTA 17;1513;777;777;764;13;593;171
21;GRAD ZAGREB;grad;GRAD ZAGREB;060;KANAL;PRIRODOSLOVNA ŠKOLA VLADIMIRA PRELOGA;ULICA GRADA VUKOVARA 269;1291;549;549;543;6;397;146
21;GRAD ZAGREB;grad;GRAD ZAGREB;061;MARIN DRŽIÆ;OŠ MARINA DRŽIÆA;NALJEŠKOVIÆEVA ULICA 4;1402;708;707;694;13;504;190
21;GRAD ZAGREB;grad;GRAD ZAGREB;062;MARIN DRŽIÆ;OŠ MARINA DRŽIÆA;NALJEŠKOVIÆEVA ULICA 4;1391;666;666;652;14;502;150
21;GRAD ZAGREB;grad;GRAD ZAGREB;063;MARIN DRŽIÆ;OŠ MARINA DRŽIÆA;NALJEŠKOVIÆEVA ULICA 4;1361;707;707;688;19;510;178
21;GRAD ZAGREB;grad;GRAD ZAGREB;064;MARIN DRŽIÆ;OŠ MARINA DRŽIÆA;NALJEŠKOVIÆEVA ULICA 4;1347;656;652;635;17;470;165
21;GRAD ZAGREB;grad;GRAD ZAGREB;065;MARTINOVKA;OŠ TINA UJEVIÆA;KOTURAŠKA CESTA 75;1294;678;678;666;12;483;183
21;GRAD ZAGREB;grad;GRAD ZAGREB;066;MARTINOVKA;UÈENIÈKI DOM FRANJE BUÈARA;TRNJANSKA CESTA 11F;1124;504;504;498;6;386;112
21;GRAD ZAGREB;grad;GRAD ZAGREB;067;MIRAMARE;OŠ DAVORINA TRSTENJAKA;KRÈKA ULICA 3;1116;574;574;563;11;375;188
21;GRAD ZAGREB;grad;GRAD ZAGREB;068;SAVSKI KUTI;PROSTORIJE MJESNOG ODBORA;LOMNIÈKA ULICA 3;1493;856;846;834;12;677;157
21;GRAD ZAGREB;grad;GRAD ZAGREB;069;SIGEÈICA;OŠ RAPSKA;RAPSKA ULICA 3;1073;529;529;516;13;397;119
21;GRAD ZAGREB;grad;GRAD ZAGREB;070;SIGEÈICA;OŠ RAPSKA;RAPSKA ULICA 3;1075;506;506;492;14;374;118
21;GRAD ZAGREB;grad;GRAD ZAGREB;071;SIGEÈICA;OŠ RAPSKA;RAPSKA ULICA 3;1084;490;489;474;15;340;134
21;GRAD ZAGREB;grad;GRAD ZAGREB;072;SIGEÈICA;OŠ RAPSKA;RAPSKA ULICA 3;1121;490;490;482;8;363;119
21;GRAD ZAGREB;grad;GRAD ZAGREB;073;SIGEÈICA;OŠ RAPSKA;RAPSKA ULICA 3;1118;509;508;499;9;380;119
21;GRAD ZAGREB;grad;GRAD ZAGREB;074;STARO TRNJE;DJEÈJI VRTIÆ SAVICA;ULICA VLADIMIRA RUŽDJAKA 22;1664;815;814;791;23;561;230
21;GRAD ZAGREB;grad;GRAD ZAGREB;075;STARO TRNJE;PROSTORIJE MJESNOG ODBORA-STARO TRNJE;TRNJANSKA CESTA 128;1576;761;761;754;7;493;261
21;GRAD ZAGREB;grad;GRAD ZAGREB;076;TRNJANSKA SAVICA;OŠ JURE KAŠTELANA;ULICA VLADIMIRA RUŽDJAKA 2A;1169;552;552;540;12;414;126
21;GRAD ZAGREB;grad;GRAD ZAGREB;077;TRNJANSKA SAVICA;OŠ JURE KAŠTELANA;ULICA VLADIMIRA RUŽDJAKA 2A;1167;641;640;632;8;479;153
21;GRAD ZAGREB;grad;GRAD ZAGREB;078;TRNJANSKA SAVICA;OŠ JURE KAŠTELANA;ULICA VLADIMIRA RUŽDJAKA 2A;1223;630;630;612;18;469;143
21;GRAD ZAGREB;grad;GRAD ZAGREB;079;TRNJANSKA SAVICA;OŠ JURE KAŠTELANA;ULICA VLADIMIRA RUŽDJAKA 2A;1209;649;649;633;16;460;173
21;GRAD ZAGREB;grad;GRAD ZAGREB;080;TRNJANSKA SAVICA;OŠ JURE KAŠTELANA;ULICA VLADIMIRA RUŽDJAKA 2A;1200;684;684;674;10;506;168
21;GRAD ZAGREB;grad;GRAD ZAGREB;081;TRNJANSKA SAVICA;PROSTORIJE MJESNOG ODBORA;ULICA VLADIMIRA RUŽDJAKA 21;1400;706;704;685;19;503;182
21;GRAD ZAGREB;grad;GRAD ZAGREB;082;TRNJE;UÈENIÈKI DOM FRANJE BUÈARA;TRNJANSKA CESTA 33;1152;524;524;509;15;352;157
21;GRAD ZAGREB;grad;GRAD ZAGREB;083;TRNJE;OŠ GRIGORA VITEZA;KRUGE 46;745;319;319;313;6;164;149
21;GRAD ZAGREB;grad;GRAD ZAGREB;084;VESLAÈKO NASELJE;PROSTORIJE MJESNOG ODBORA;VESLAÈKA ULICA 17A;944;510;510;499;11;387;112
21;GRAD ZAGREB;grad;GRAD ZAGREB;085;VRBIK;PROSTORIJE MJESNOG ODBORA;ULICA LAVOSLAVA RUŽIÈKE 26;1380;761;761;736;25;620;116
21;GRAD ZAGREB;grad;GRAD ZAGREB;086;VRBIK;PROSTORIJE MJESNOG ODBORA;ULICA LAVOSLAVA RUŽIÈKE 26;1431;741;741;727;14;544;183
21;GRAD ZAGREB;grad;GRAD ZAGREB;087;BUKOVAC;DOM ZDRAVLJA ZAGREB - ISTOK;KOSA 1B;1157;523;523;512;11;317;195
21;GRAD ZAGREB;grad;GRAD ZAGREB;088;BUKOVAC;DOM ZDRAVLJA ZAGREB - ISTOK;KOSA 1B;1160;543;543;538;5;337;201
21;GRAD ZAGREB;grad;GRAD ZAGREB;089;BUKOVAC;PROSTORIJE MJESNOG ODBORA;MOGILSKA ULICA 50;964;436;436;427;9;262;165
21;GRAD ZAGREB;grad;GRAD ZAGREB;090;BUKOVAC;PROSTORIJE MJESNOG ODBORA;MOGILSKA ULICA 50;978;453;453;445;8;300;145
21;GRAD ZAGREB;grad;GRAD ZAGREB;091;BUKOVAC;VATROGASNI DOM;IX. BUKOVAÈKI OGRANAK 2;1646;798;796;779;17;391;388
21;GRAD ZAGREB;grad;GRAD ZAGREB;092;DINKO ŠIMUNOVIÆ;OŠ IVANA FILIPOVIÆA;ULICA IVANA FILIPOVIÆA 1;1131;513;513;505;8;382;123
21;GRAD ZAGREB;grad;GRAD ZAGREB;093;DINKO ŠIMUNOVIÆ;OŠ IVANA FILIPOVIÆA;ULICA IVANA FILIPOVIÆA 1;1133;513;513;507;6;347;160
21;GRAD ZAGREB;grad;GRAD ZAGREB;094;DINKO ŠIMUNOVIÆ;OŠ IVANA FILIPOVIÆA;ULICA IVANA FILIPOVIÆA 1;1123;557;557;541;16;376;165
21;GRAD ZAGREB;grad;GRAD ZAGREB;095;DOBRI DOL;PROSTORIJE MJESNOG ODBORA;DOBRI DOL 49;907;511;511;498;13;378;120
21;GRAD ZAGREB;grad;GRAD ZAGREB;096;DOBRI DOL;OŠ JORDANOVAC;JORDANOVAC 108;1472;802;801;783;18;529;254
21;GRAD ZAGREB;grad;GRAD ZAGREB;097;DOBRI DOL;PODRUÈNI URED MAKSIMIR;PETROVA ULICA 116;1474;729;729;715;14;528;187
21;GRAD ZAGREB;grad;GRAD ZAGREB;098;DOTRŠÈINA;PROSTORIJE MJESNOG ODBORA;JAZBINSKI ODVOJAK II. 6;853;333;333;316;17;175;141
21;GRAD ZAGREB;grad;GRAD ZAGREB;099;DOTRŠÈINA;PROSTORIJE MJESNOG ODBORA;JAZBINSKI ODVOJAK II. 6;847;376;376;370;6;216;154
21;GRAD ZAGREB;grad;GRAD ZAGREB;100;EUGEN KVATERNIK;PROSTORIJE MJESNOG ODBORA;ULICA KRALJA ZVONIMIRA 68;850;411;411;403;8;294;109
21;GRAD ZAGREB;grad;GRAD ZAGREB;101;EUGEN KVATERNIK;DOM ZDRAVLJA ZAGREB-ISTOK AMBULANTA;ULICA METELA OŽEGOVIÆA 5;1107;583;582;563;19;451;112
21;GRAD ZAGREB;grad;GRAD ZAGREB;102;KOZJAK;PROSTORIJE MJESNOG ODBORA;BIJENIÈKA CESTA 97;1104;553;553;541;12;358;183
21;GRAD ZAGREB;grad;GRAD ZAGREB;103;KOZJAK;PROSTORIJE MJESNOG ODBORA;BIJENIÈKA CESTA 97;1155;543;543;531;12;428;103
21;GRAD ZAGREB;grad;GRAD ZAGREB;104;KOZJAK;OŠ JORDANOVAC - PODRUÈNA ŠKOLA KOZJAK;KOZJAK 27;1127;549;549;542;7;302;240
21;GRAD ZAGREB;grad;GRAD ZAGREB;105;MAKSIMIR;PROSTORIJE MJESNOG ODBORA;BARUTANSKI BREG 5;1193;604;604;584;20;417;167
21;GRAD ZAGREB;grad;GRAD ZAGREB;106;MAKSIMIR;PROSTORIJE MJESNOG ODBORA;BARUTANSKI BREG 5;1247;597;596;592;4;419;173
21;GRAD ZAGREB;grad;GRAD ZAGREB;107;MAKSIMIR;DOM ZDRAVLJA ZAGREB - ISTOK;REBAR 33;964;462;462;445;17;302;143
21;GRAD ZAGREB;grad;GRAD ZAGREB;108;MAKSIMIRSKA NASELJA;OŠ ANTUNA GUSTAVA MATOŠA;ALEJA ANTUNA AUGUSTINÈIÆA 12;1195;623;623;609;14;415;194
21;GRAD ZAGREB;grad;GRAD ZAGREB;109;MAKSIMIRSKA NASELJA;OŠ ANTUNA GUSTAVA MATOŠA;ALEJA ANTUNA AUGUSTINÈIÆA 12;1175;569;569;555;14;395;160
21;GRAD ZAGREB;grad;GRAD ZAGREB;110;MAKSIMIRSKA NASELJA;OŠ ANTUNA GUSTAVA MATOŠA;ALEJA ANTUNA AUGUSTINÈIÆA 12;1181;648;648;639;9;475;164
21;GRAD ZAGREB;grad;GRAD ZAGREB;111;MAKSIMIRSKA NASELJA;OŠ ANTUNA GUSTAVA MATOŠA;ALEJA ANTUNA AUGUSTINÈIÆA 12;1162;578;578;570;8;402;168
21;GRAD ZAGREB;grad;GRAD ZAGREB;112;MAKSIMIRSKA NASELJA;OŠ ANTUNA GUSTAVA MATOŠA;ALEJA ANTUNA AUGUSTINÈIÆA 12;1194;602;600;589;11;441;148
21;GRAD ZAGREB;grad;GRAD ZAGREB;113;MAKSIMIRSKA NASELJA;OŠ ANTUNA GUSTAVA MATOŠA;ALEJA ANTUNA AUGUSTINÈIÆA 12;1200;574;574;565;9;397;168
21;GRAD ZAGREB;grad;GRAD ZAGREB;114;MAŠIÆEVA;OŠ VLADIMIRA NAZORA;JORDANOVAC 23;1256;607;607;594;13;445;149
21;GRAD ZAGREB;grad;GRAD ZAGREB;115;MAŠIÆEVA;OŠ VLADIMIRA NAZORA;JORDANOVAC 23;1211;636;636;623;13;477;146
21;GRAD ZAGREB;grad;GRAD ZAGREB;116;MAŠIÆEVA;XV. GIMNAZIJA MIOC;JORDANOVAC 8;1370;717;716;700;16;499;201
21;GRAD ZAGREB;grad;GRAD ZAGREB;117;REMETE;PROSTORIJE MJESNOG ODBORA;VINEC 1;1386;663;663;654;9;352;302
21;GRAD ZAGREB;grad;GRAD ZAGREB;118;REMETE;PROSTORIJE MJESNOG ODBORA;VINEC 1;1452;666;666;658;8;364;294
21;GRAD ZAGREB;grad;GRAD ZAGREB;119;REMETE;OŠ REMETE;REMETE 99A;1016;504;504;486;18;249;237
21;GRAD ZAGREB;grad;GRAD ZAGREB;120;REMETE;OŠ REMETE;REMETE 99A;1005;514;513;498;15;268;230
21;GRAD ZAGREB;grad;GRAD ZAGREB;121;RUŽMARINKA;OŠ A.HARAMBAŠIÆA;ULICA AUGUSTA HARAMBAŠIÆA 18;1277;659;658;643;15;485;158
21;GRAD ZAGREB;grad;GRAD ZAGREB;122;RUŽMARINKA;OŠ A.HARAMBAŠIÆA;ULICA AUGUSTA HARAMBAŠIÆA 18;1241;653;653;646;7;484;162
21;GRAD ZAGREB;grad;GRAD ZAGREB;123;BORONGAJ-LUGOVI;PROSTORIJE MJESNOG ODBORA;VUKOMEREC 41;1118;367;367;360;7;209;151
21;GRAD ZAGREB;grad;GRAD ZAGREB;124;BORONGAJ-LUGOVI;DJEÈJI VRTIÆ CVRÈAK - PODRUÈNI OBJEKT;VUKOMEREC 43;831;388;388;378;10;263;115
21;GRAD ZAGREB;grad;GRAD ZAGREB;125;BRUNO BUŠIÆ;OŠ DOBRIŠE CESARIÆA;ULICA KSAVERA ŠANDORA GJALSKOG 29;1310;558;558;547;11;385;162
21;GRAD ZAGREB;grad;GRAD ZAGREB;126;BRUNO BUŠIÆ;OŠ DOBRIŠE CESARIÆA;ULICA KSAVERA ŠANDORA GJALSKOG 29;1345;626;626;601;25;433;168
21;GRAD ZAGREB;grad;GRAD ZAGREB;127;BRUNO BUŠIÆ;OŠ DOBRIŠE CESARIÆA;ULICA KSAVERA ŠANDORA GJALSKOG 29;1376;631;631;616;15;489;127
21;GRAD ZAGREB;grad;GRAD ZAGREB;128;DONJE SVETICE;OŠ FRANA KRSTE FRANKOPANA;IVANIÆGRADSKA ULICA 24;1187;491;490;481;9;341;140
21;GRAD ZAGREB;grad;GRAD ZAGREB;129;DONJE SVETICE;OŠ FRANA KRSTE FRANKOPANA;IVANIÆGRADSKA ULICA 24;1245;524;524;514;10;351;163
21;GRAD ZAGREB;grad;GRAD ZAGREB;130;FERENŠÈICA;OŠ AUGUSTA CESARCA;FERENŠÈICA II. 9A;1270;523;522;509;13;331;178
21;GRAD ZAGREB;grad;GRAD ZAGREB;131;FERENŠÈICA;OŠ AUGUSTA CESARCA;FERENŠÈICA II. 9A;1335;555;555;546;9;372;174
21;GRAD ZAGREB;grad;GRAD ZAGREB;132;FERENŠÈICA;OŠ AUGUSTA CESARCA;FERENŠÈICA II. 9A;1280;551;551;533;18;381;152
21;GRAD ZAGREB;grad;GRAD ZAGREB;133;FERENŠÈICA;OŠ AUGUSTA CESARCA;FERENŠÈICA II. 9A;1274;432;432;422;10;305;117
21;GRAD ZAGREB;grad;GRAD ZAGREB;134;FOLNEGOVIÆEVO NASELJE;OŠ LOVRE PL.MATAÈIÆA;ULICA JOZE LAURENÈIÆA 1;1375;610;610;602;8;442;160
21;GRAD ZAGREB;grad;GRAD ZAGREB;135;FOLNEGOVIÆEVO NASELJE;OŠ LOVRE PL.MATAÈIÆA;ULICA JOZE LAURENÈIÆA 1;1369;651;651;634;17;464;170
21;GRAD ZAGREB;grad;GRAD ZAGREB;136;JANKO MATKO;PROSTORIJE MJESNOG ODBORA;ULICA FRANJE HORVATA KIŠA 12;1143;511;511;503;8;374;129
21;GRAD ZAGREB;grad;GRAD ZAGREB;137;IVANJA REKA;PROSTORIJE MJESNOG ODBORA;MAROFSKA ULICA 1A;1556;661;661;646;15;316;330
21;GRAD ZAGREB;grad;GRAD ZAGREB;138;KOZARI BOK;DOM ZDRAVLJA ZAGREB - ISTOK;KOZARI BOK IX. ODVOJAK 11;604;246;246;241;5;121;120
21;GRAD ZAGREB;grad;GRAD ZAGREB;139;KOZARI BOK;PROSTORIJE MJESNOG ODBORA;KOZARI BOK IX. ODVOJAK 11;903;326;326;325;1;176;149
21;GRAD ZAGREB;grad;GRAD ZAGREB;140;KOZARI PUTEVI;OŠ DR. VINKA ŽGANCA;ULICA NEDE KRMPOTIÆ 7;1130;345;345;340;5;142;198
21;GRAD ZAGREB;grad;GRAD ZAGREB;141;KOZARI PUTEVI;OŠ DR. VINKA ŽGANCA;ULICA NEDE KRMPOTIÆ 7;1156;339;339;335;4;158;177
21;GRAD ZAGREB;grad;GRAD ZAGREB;142;KOZARI PUTEVI;OŠ DR. VINKA ŽGANCA;ULICA NEDE KRMPOTIÆ 7;1123;317;317;311;6;132;179
21;GRAD ZAGREB;grad;GRAD ZAGREB;143;KOZARI PUTEVI;OŠ DR. VINKA ŽGANCA;ULICA NEDE KRMPOTIÆ 7;1165;252;252;249;3;102;147
21;GRAD ZAGREB;grad;GRAD ZAGREB;144;KOZARI PUTEVI;OŠ DR. VINKA ŽGANCA;ULICA NEDE KRMPOTIÆ 7;1185;254;254;246;8;98;148
21;GRAD ZAGREB;grad;GRAD ZAGREB;145;PEŠÈENICA;PROSTORIJE MJESNOG ODBORA-DVORANA A;ULICA PETRA PETROVIÆA NJEGOŠA 10;1268;605;605;593;12;451;142
21;GRAD ZAGREB;grad;GRAD ZAGREB;146;PEŠÈENICA;PROSTORIJE MJESNOG ODBORA-DVORANA B;ULICA PETRA PETROVIÆA NJEGOŠA 10;1300;669;668;655;13;468;187
21;GRAD ZAGREB;grad;GRAD ZAGREB;147;PEŠÈENICA;ŠKOLA ZA CESTOVNI PROMET;TRG JOHNA FITZGERALDA KENNEDYJA 8;1232;582;582;576;6;437;139
21;GRAD ZAGREB;grad;GRAD ZAGREB;148;PEŠÈENICA;ŠKOLA ZA CESTOVNI PROMET;TRG JOHNA FITZGERALDA KENNEDYJA 8;1236;570;570;561;9;391;170
21;GRAD ZAGREB;grad;GRAD ZAGREB;149;PETRUŠEVEC;OŠ ŽITNJAK;I. PETRUŠEVEC 1;1191;375;375;370;5;182;188
21;GRAD ZAGREB;grad;GRAD ZAGREB;150;PETRUŠEVEC;OŠ ŽITNJAK;I. PETRUŠEVEC 1;1198;369;369;360;9;129;231
21;GRAD ZAGREB;grad;GRAD ZAGREB;151;RESNIK;PROSTORIJE MJESNOG ODBORA;I. RESNIK 48;1319;476;476;459;17;131;328
21;GRAD ZAGREB;grad;GRAD ZAGREB;152;SAVICA ŠANCI;PROSTORIJE MJESNOG ODBORA;SAVICA I. 2;941;345;345;335;10;188;147
21;GRAD ZAGREB;grad;GRAD ZAGREB;153;SAVICA ŠANCI;OŠ BOROVJE;ULICA DAVORA ZBILJSKOG 7;1418;615;614;607;7;396;211
21;GRAD ZAGREB;grad;GRAD ZAGREB;154;SAVICA ŠANCI;OŠ BOROVJE;ULICA DAVORA ZBILJSKOG 7;1273;590;590;581;9;361;220
21;GRAD ZAGREB;grad;GRAD ZAGREB;155;SAVICA ŠANCI;OŠ BOROVJE;ULICA DAVORA ZBILJSKOG 7;1296;641;641;633;8;403;230
21;GRAD ZAGREB;grad;GRAD ZAGREB;156;VOLOVÈICA;CENTAR ZA KULTURU PEŠÈENICA;IVANIÆGRADSKA ULICA 41A;1160;546;546;530;16;411;119
21;GRAD ZAGREB;grad;GRAD ZAGREB;157;VOLOVÈICA;PROSTORIJE MJESNOG ODBORA;KRIŠKA ULICA 20;761;335;335;326;9;251;75
21;GRAD ZAGREB;grad;GRAD ZAGREB;158;VOLOVÈICA;PODRUÈNI URED PEŠÈENICA;ZAPOLJSKA ULICA 1;911;386;386;378;8;279;99
21;GRAD ZAGREB;grad;GRAD ZAGREB;159;VOLOVÈICA;OŠ PETRA PRERADOVIÆA;ZAPOLJSKA ULICA 32;1061;491;491;476;15;319;157
21;GRAD ZAGREB;grad;GRAD ZAGREB;160;VOLOVÈICA;OŠ PETRA PRERADOVIÆA;ZAPOLJSKA ULICA 32;1085;460;460;451;9;323;128
21;GRAD ZAGREB;grad;GRAD ZAGREB;161;VUKOMEREC;PROSTORIJE MJESNOG ODBORA;POREÈKA ULICA 7A;1286;511;511;500;11;303;197
21;GRAD ZAGREB;grad;GRAD ZAGREB;162;ŽITNJAK;PROSTORIJE MJESNOG ODBORA;ŽITNJAK 61;1180;363;363;349;14;186;163
21;GRAD ZAGREB;grad;GRAD ZAGREB;163;ŽITNJAK;PROSTORIJE MJESNOG ODBORA;ŽITNJAK 61;1171;351;351;342;9;148;194
21;GRAD ZAGREB;grad;GRAD ZAGREB;164;BUZIN;PROSTORIJE MJESNOG ODBORA;BUZINSKA CESTA 20;895;378;377;372;5;249;123
21;GRAD ZAGREB;grad;GRAD ZAGREB;165;DUGAVE;I. OSNOVNA ŠKOLA DUGAVE;ŠKOLSKI PRILAZ 7;1255;617;617;601;16;460;141
21;GRAD ZAGREB;grad;GRAD ZAGREB;166;DUGAVE;I. OSNOVNA ŠKOLA DUGAVE;ŠKOLSKI PRILAZ 7;1216;573;573;560;13;412;148
21;GRAD ZAGREB;grad;GRAD ZAGREB;167;DUGAVE;I. OSNOVNA ŠKOLA DUGAVE;ŠKOLSKI PRILAZ 7;1201;591;591;576;15;443;133
21;GRAD ZAGREB;grad;GRAD ZAGREB;168;DUGAVE;I. OSNOVNA ŠKOLA DUGAVE;ŠKOLSKI PRILAZ 7;1220;574;574;563;11;423;140
21;GRAD ZAGREB;grad;GRAD ZAGREB;169;DUGAVE;I. OSNOVNA ŠKOLA DUGAVE;ŠKOLSKI PRILAZ 7;1215;549;548;538;10;415;123
21;GRAD ZAGREB;grad;GRAD ZAGREB;170;DUGAVE;I. OSNOVNA ŠKOLA DUGAVE;ŠKOLSKI PRILAZ 7;1217;616;613;598;15;428;170
21;GRAD ZAGREB;grad;GRAD ZAGREB;171;DUGAVE;I. OSNOVNA ŠKOLA DUGAVE;ŠKOLSKI PRILAZ 7;1236;658;658;645;13;496;149
21;GRAD ZAGREB;grad;GRAD ZAGREB;172;HRELIÆ;I. OSNOVNA ŠKOLA DUGAVE;ŠKOLSKI PRILAZ 7;1177;572;572;567;5;410;157
21;GRAD ZAGREB;grad;GRAD ZAGREB;173;HRELIÆ;I. OSNOVNA ŠKOLA DUGAVE;ŠKOLSKI PRILAZ 7;1104;472;472;461;11;274;187
21;GRAD ZAGREB;grad;GRAD ZAGREB;174;JAKUŠEVEC;PROSTORIJE MJESNOG ODBORA;GATA 1;1183;561;561;547;14;386;161
21;GRAD ZAGREB;grad;GRAD ZAGREB;175;JAKUŠEVEC;PROSTORIJE MJESNOG ODBORA;GATA 1;999;437;434;428;6;264;164
21;GRAD ZAGREB;grad;GRAD ZAGREB;176;JAKUŠEVEC;PROSTORIJE MJESNOG ODBORA;GATA 1;1036;443;443;440;3;294;146
21;GRAD ZAGREB;grad;GRAD ZAGREB;177;SLOBOŠTINA;OŠ OTOK;ULICA STJEPANA GRADIÆA 4;1123;569;569;561;8;435;126
21;GRAD ZAGREB;grad;GRAD ZAGREB;178;SLOBOŠTINA;OŠ OTOK;ULICA STJEPANA GRADIÆA 4;1116;600;600;587;13;454;133
21;GRAD ZAGREB;grad;GRAD ZAGREB;179;SLOBOŠTINA;OŠ OTOK;ULICA STJEPANA GRADIÆA 4;1118;617;617;604;13;432;172
21;GRAD ZAGREB;grad;GRAD ZAGREB;180;SLOBOŠTINA;OŠ OTOK;ULICA STJEPANA GRADIÆA 4;1074;552;552;541;11;394;147
21;GRAD ZAGREB;grad;GRAD ZAGREB;181;SOPOT;OŠ IVE ANDRIÆA;ULICA MILOVANA KOVAÈEVIÆA 18;1208;516;516;504;12;381;123
21;GRAD ZAGREB;grad;GRAD ZAGREB;182;SOPOT;OŠ IVE ANDRIÆA;ULICA MILOVANA KOVAÈEVIÆA 18;1183;576;575;561;14;406;155
21;GRAD ZAGREB;grad;GRAD ZAGREB;183;SOPOT;OŠ IVE ANDRIÆA;ULICA MILOVANA KOVAÈEVIÆA 18;1191;542;542;532;10;401;131
21;GRAD ZAGREB;grad;GRAD ZAGREB;184;SOPOT;OŠ IVE ANDRIÆA;ULICA MILOVANA KOVAÈEVIÆA 18;1193;605;599;577;22;428;149
21;GRAD ZAGREB;grad;GRAD ZAGREB;185;SOPOT;OŠ IVE ANDRIÆA;ULICA MILOVANA KOVAÈEVIÆA 18;1209;618;618;602;16;465;137
21;GRAD ZAGREB;grad;GRAD ZAGREB;186;SREDIŠÆE;OŠ SREDIŠÆE;ULICA SAVEZNE REPUBLIKE NJEMAÈKE 2A;1250;679;678;672;6;513;159
21;GRAD ZAGREB;grad;GRAD ZAGREB;187;SREDIŠÆE;OŠ SREDIŠÆE;ULICA SAVEZNE REPUBLIKE NJEMAÈKE 2A;1258;627;627;613;14;461;152
21;GRAD ZAGREB;grad;GRAD ZAGREB;188;SREDIŠÆE;OŠ SREDIŠÆE;ULICA SAVEZNE REPUBLIKE NJEMAÈKE 2A;1242;617;617;600;17;414;186
21;GRAD ZAGREB;grad;GRAD ZAGREB;189;TRAVNO;OŠ GUSTAVA KRKLECA;ULICA BOŽIDARA MAGOVCA 103;1170;543;543;530;13;423;107
21;GRAD ZAGREB;grad;GRAD ZAGREB;190;TRAVNO;OŠ GUSTAVA KRKLECA;ULICA BOŽIDARA MAGOVCA 103;1131;513;513;505;8;374;131
21;GRAD ZAGREB;grad;GRAD ZAGREB;191;TRAVNO;OŠ GUSTAVA KRKLECA;ULICA BOŽIDARA MAGOVCA 103;1161;548;545;538;7;391;147
21;GRAD ZAGREB;grad;GRAD ZAGREB;192;TRAVNO;OŠ GUSTAVA KRKLECA;ULICA BOŽIDARA MAGOVCA 103;1172;599;599;591;8;463;128
21;GRAD ZAGREB;grad;GRAD ZAGREB;193;TRAVNO;OŠ GUSTAVA KRKLECA;ULICA BOŽIDARA MAGOVCA 103;1168;541;541;533;8;398;135
21;GRAD ZAGREB;grad;GRAD ZAGREB;194;TRAVNO;OŠ GUSTAVA KRKLECA;ULICA BOŽIDARA MAGOVCA 103;1177;562;562;556;6;417;139
21;GRAD ZAGREB;grad;GRAD ZAGREB;195;TRAVNO;OŠ GUSTAVA KRKLECA;ULICA BOŽIDARA MAGOVCA 103;1120;547;547;537;10;416;121
21;GRAD ZAGREB;grad;GRAD ZAGREB;196;UTRINE;OŠ MLADOST;KARAMANOV PRILAZ 3;1239;562;559;542;17;414;128
21;GRAD ZAGREB;grad;GRAD ZAGREB;197;UTRINE;OŠ MLADOST;KARAMANOV PRILAZ 3;1235;574;574;571;3;411;160
21;GRAD ZAGREB;grad;GRAD ZAGREB;198;UTRINE;OŠ MLADOST;KARAMANOV PRILAZ 3;1302;644;644;632;12;484;148
21;GRAD ZAGREB;grad;GRAD ZAGREB;199;UTRINE;OŠ MLADOST;KARAMANOV PRILAZ 3;1245;563;563;550;13;424;126
21;GRAD ZAGREB;grad;GRAD ZAGREB;200;UTRINE;OŠ MLADOST;KARAMANOV PRILAZ 3;1240;588;588;580;8;421;159
21;GRAD ZAGREB;grad;GRAD ZAGREB;201;VELIKO POLJE;PROSTORIJE MJESNOG ODBORA;VELIKOPOLJSKA ULICA 9G;936;424;424;415;9;208;207
21;GRAD ZAGREB;grad;GRAD ZAGREB;202;VELIKO POLJE;PROSTORIJE MJESNOG ODBORA;VELIKOPOLJSKA ULICA 9G;878;404;404;393;11;202;191
21;GRAD ZAGREB;grad;GRAD ZAGREB;203;ZAPRUÐE;OŠ ZAPRUÐE;MEŠTROVIÆEV TRG 8A;1274;612;607;594;13;457;137
21;GRAD ZAGREB;grad;GRAD ZAGREB;204;ZAPRUÐE;OŠ ZAPRUÐE;MEŠTROVIÆEV TRG 8A;1262;599;598;584;14;432;152
21;GRAD ZAGREB;grad;GRAD ZAGREB;205;ZAPRUÐE;OŠ ZAPRUÐE;MEŠTROVIÆEV TRG 8A;1292;610;610;596;14;458;138
21;GRAD ZAGREB;grad;GRAD ZAGREB;206;ZAPRUÐE;OŠ ZAPRUÐE;MEŠTROVIÆEV TRG 8A;1269;561;561;551;10;407;144
21;GRAD ZAGREB;grad;GRAD ZAGREB;207;BLATO;PROSTORIJE MJESNOG ODBORA;KARLOVAÈKA CESTA 195B;1236;543;543;527;16;309;218
21;GRAD ZAGREB;grad;GRAD ZAGREB;208;BLATO;PROSTORIJE MJESNOG ODBORA;KARLOVAÈKA CESTA 195B;1299;537;537;518;19;300;218
21;GRAD ZAGREB;grad;GRAD ZAGREB;209;BOTINEC;OŠ BRAÆE RADIÆA;ULICA ŠENOINE BRANKE 22;1273;494;494;479;15;291;188
21;GRAD ZAGREB;grad;GRAD ZAGREB;210;BOTINEC;OŠ BRAÆE RADIÆA;ULICA ŠENOINE BRANKE 22;1272;561;561;549;12;323;226
21;GRAD ZAGREB;grad;GRAD ZAGREB;211;BOTINEC;OŠ BRAÆE RADIÆA;ULICA ŠENOINE BRANKE 22;1269;535;535;518;17;279;239
21;GRAD ZAGREB;grad;GRAD ZAGREB;212;ÈEHI;PROSTORIJE MJESNOG ODBORA;ULICA SLAVKA ÈORA 37;735;278;278;274;4;135;139
21;GRAD ZAGREB;grad;GRAD ZAGREB;213;HRAŠÆE;PROSTORIJE MJESNOG ODBORA;TRG JURJA MULIHA 11;1039;424;424;414;10;225;189
21;GRAD ZAGREB;grad;GRAD ZAGREB;214;HRVATSKI LESKOVAC;PROSTORIJE MJESNOG ODBORA;TRG HRVATSKIH BRANITELJA DOMOVINSKOG RATA 2;1020;381;381;376;5;175;201
21;GRAD ZAGREB;grad;GRAD ZAGREB;215;HRVATSKI LESKOVAC;PROSTORIJE MJESNOG ODBORA;TRG HRVATSKIH BRANITELJA DOMOVINSKOG RATA 2;1124;525;525;516;9;222;294
21;GRAD ZAGREB;grad;GRAD ZAGREB;216;JEŽDOVEC;OŠ LUÈKO - PODRUÈNA ŠKOLA JEŽDOVEC;JEŽDOVEÈKA ULICA 34;883;238;238;233;5;100;133
21;GRAD ZAGREB;grad;GRAD ZAGREB;217;JEŽDOVEC;OŠ LUÈKO - PODRUÈNA ŠKOLA JEŽDOVEC;JEŽDOVEÈKA ULICA 34;832;275;275;268;7;143;125
21;GRAD ZAGREB;grad;GRAD ZAGREB;218;KAJZERICA;OŠ KAJZERICA;ULICA ŽARKA DOLINARA 9;1369;644;644;631;13;454;177
21;GRAD ZAGREB;grad;GRAD ZAGREB;219;KAJZERICA;OŠ KAJZERICA;ULICA ŽARKA DOLINARA 9;1407;674;674;660;14;460;200
21;GRAD ZAGREB;grad;GRAD ZAGREB;220;KAJZERICA;OŠ KAJZERICA;ULICA ŽARKA DOLINARA 9;1422;598;598;591;7;411;180
21;GRAD ZAGREB;grad;GRAD ZAGREB;221;LANIŠTE;OŠ SAVSKI GAJ;REMETINEÈKA CESTA 64A;1034;418;418;409;9;201;208
21;GRAD ZAGREB;grad;GRAD ZAGREB;222;LANIŠTE;OŠ SAVSKI GAJ;REMETINEÈKA CESTA 64A;1049;412;412;404;8;239;165
21;GRAD ZAGREB;grad;GRAD ZAGREB;223;LANIŠTE;OŠ SAVSKI GAJ;REMETINEÈKA CESTA 64A;1019;446;446;436;10;232;204
21;GRAD ZAGREB;grad;GRAD ZAGREB;224;LUÈKO;OŠ LUÈKO;PUŠKARIÆEVA ULICA 102;1061;403;403;401;2;223;178
21;GRAD ZAGREB;grad;GRAD ZAGREB;225;LUÈKO;OŠ LUÈKO;PUŠKARIÆEVA ULICA 102;1062;471;471;462;9;273;189
21;GRAD ZAGREB;grad;GRAD ZAGREB;226;LUÈKO;OŠ LUÈKO;PUŠKARIÆEVA ULICA 102;1061;395;395;388;7;179;209
21;GRAD ZAGREB;grad;GRAD ZAGREB;227;MALA MLAKA;"DJEÈJI VRTIÆ BOTINEC - PODRUÈNI OBJEKT ""MALA MLAKA""";MALOMLAÈKA ULICA 83;533;233;233;221;12;103;118
21;GRAD ZAGREB;grad;GRAD ZAGREB;228;ODRA;OŠ ODRA;ÐAÈKA ULICA 5;934;377;377;366;11;209;157
21;GRAD ZAGREB;grad;GRAD ZAGREB;229;ODRA;OŠ ODRA;ÐAÈKA ULICA 5;951;414;414;403;11;235;168
21;GRAD ZAGREB;grad;GRAD ZAGREB;230;REMETINEC;CENTAR ZA KULTURU NOVI ZAGREB;TRG NARODNE ZAŠTITE 2;1503;637;635;629;6;439;190
21;GRAD ZAGREB;grad;GRAD ZAGREB;231;REMETINEC;CENTAR ZA KULTURU NOVI ZAGREB;TRG NARODNE ZAŠTITE 2;1521;651;650;644;6;428;216
21;GRAD ZAGREB;grad;GRAD ZAGREB;232;REMETINEC;CENTAR ZA KULTURU NOVI ZAGREB;TRG NARODNE ZAŠTITE 2;1464;590;589;578;11;406;172
21;GRAD ZAGREB;grad;GRAD ZAGREB;233;SAVSKI GAJ;DJEÈJI VRTIÆ REMETINEC;NEHRUOV TRG 34A;1289;535;535;528;7;349;179
21;GRAD ZAGREB;grad;GRAD ZAGREB;234;SAVSKI GAJ;DJEÈJI VRTIÆ REMETINEC;NEHRUOV TRG 34A;1144;528;528;520;8;387;133
21;GRAD ZAGREB;grad;GRAD ZAGREB;235;SAVSKI GAJ;PROSTORIJE MJESNOG ODBORA;REMETINEÈKA CESTA 79;1205;565;565;554;11;351;203
21;GRAD ZAGREB;grad;GRAD ZAGREB;236;SAVSKI GAJ;PROSTORIJE MJESNOG ODBORA;REMETINEÈKA CESTA 79;1033;412;412;410;2;257;153
21;GRAD ZAGREB;grad;GRAD ZAGREB;237;SIGET;OŠ V.HOLJEVCA;SIGET 23;1257;564;564;555;9;436;119
21;GRAD ZAGREB;grad;GRAD ZAGREB;238;SIGET;OŠ V.HOLJEVCA;SIGET 23;1249;648;648;634;14;482;152
21;GRAD ZAGREB;grad;GRAD ZAGREB;239;SIGET;OŠ V.HOLJEVCA;SIGET 23;1263;650;650;644;6;490;154
21;GRAD ZAGREB;grad;GRAD ZAGREB;240;SIGET;OŠ V.HOLJEVCA;SIGET 23;1229;615;615;598;17;447;151
21;GRAD ZAGREB;grad;GRAD ZAGREB;241;SIGET;OŠ V.HOLJEVCA;SIGET 23;1268;646;646;636;10;522;114
21;GRAD ZAGREB;grad;GRAD ZAGREB;242;SIGET;OŠ V.HOLJEVCA;SIGET 23;1405;686;683;669;14;463;206
21;GRAD ZAGREB;grad;GRAD ZAGREB;243;SVETA KLARA;OŠ SVETA KLARA;MRKŠINA ULICA 42;1229;478;478;472;6;244;228
21;GRAD ZAGREB;grad;GRAD ZAGREB;244;SVETA KLARA;OŠ SVETA KLARA;MRKŠINA ULICA 42;1228;473;473;461;12;268;193
21;GRAD ZAGREB;grad;GRAD ZAGREB;245;SVETA KLARA;OŠ SVETA KLARA;MRKŠINA ULICA 42;1197;453;453;443;10;256;187
21;GRAD ZAGREB;grad;GRAD ZAGREB;246;SVETA KLARA;OŠ SVETA KLARA;MRKŠINA ULICA 42;1154;367;367;356;11;185;171
21;GRAD ZAGREB;grad;GRAD ZAGREB;247;SVETA KLARA;OŠ SVETA KLARA;MRKŠINA ULICA 42;1158;370;370;365;5;132;233
21;GRAD ZAGREB;grad;GRAD ZAGREB;248;SVETA KLARA;OŠ SVETA KLARA;MRKŠINA ULICA 42;1163;390;390;385;5;137;248
21;GRAD ZAGREB;grad;GRAD ZAGREB;249;SVETA KLARA;OŠ SVETA KLARA;MRKŠINA ULICA 42;1174;449;449;439;10;203;236
21;GRAD ZAGREB;grad;GRAD ZAGREB;250;SVETA KLARA;OŠ SVETA KLARA;MRKŠINA ULICA 42;1295;496;496;483;13;252;231
21;GRAD ZAGREB;grad;GRAD ZAGREB;251;TRNSKO;OŠ TRNSKO;TRNSKO 25;1115;571;571;559;12;441;118
21;GRAD ZAGREB;grad;GRAD ZAGREB;252;TRNSKO;OŠ TRNSKO;TRNSKO 25;1146;500;500;490;10;384;106
21;GRAD ZAGREB;grad;GRAD ZAGREB;253;TRNSKO;OŠ TRNSKO;TRNSKO 25;1134;508;508;491;17;368;123
21;GRAD ZAGREB;grad;GRAD ZAGREB;254;TRNSKO;OŠ TRNSKO;TRNSKO 25;1081;454;454;441;13;332;109
21;GRAD ZAGREB;grad;GRAD ZAGREB;255;ANTUN MIHANOVIÆ;OŠ JULIJA KLOVIÆA;NOVA CESTA 133;1331;629;629;617;12;472;145
21;GRAD ZAGREB;grad;GRAD ZAGREB;256;ANTUN MIHANOVIÆ;OŠ JULIJA KLOVIÆA;NOVA CESTA 133;1153;564;564;555;9;421;134
21;GRAD ZAGREB;grad;GRAD ZAGREB;257;CIGLENICA;SREDNJA ŠKOLA - CENTAR ZA ODGOJ I OBRAZOVANJE;ZAGORSKA ULICA 14;1353;555;555;539;16;368;171
21;GRAD ZAGREB;grad;GRAD ZAGREB;258;CIGLENICA;SREDNJA ŠKOLA - CENTAR ZA ODGOJ I OBRAZOVANJE;ZAGORSKA ULICA 14;1351;645;645;634;11;449;185
21;GRAD ZAGREB;grad;GRAD ZAGREB;259;CIGLENICA;SREDNJA ŠKOLA - CENTAR ZA ODGOJ I OBRAZOVANJE;ZAGORSKA ULICA 14;1390;598;598;582;16;417;165
21;GRAD ZAGREB;grad;GRAD ZAGREB;260;DR ANTE STARÈEVIÆ;OŠ VOLTINO;VINKOVAÈKA ULICA 1;1144;463;463;454;9;316;138
21;GRAD ZAGREB;grad;GRAD ZAGREB;261;DR ANTE STARÈEVIÆ;OŠ VOLTINO;VINKOVAÈKA ULICA 1;1132;500;500;481;19;350;131
21;GRAD ZAGREB;grad;GRAD ZAGREB;262;DR ANTE STARÈEVIÆ;OŠ VOLTINO;VINKOVAÈKA ULICA 1;1135;517;517;509;8;373;136
21;GRAD ZAGREB;grad;GRAD ZAGREB;263;DR ANTE STARÈEVIÆ;OŠ VOLTINO;VINKOVAÈKA ULICA 1;1149;567;567;557;10;412;145
21;GRAD ZAGREB;grad;GRAD ZAGREB;264;DR ANTE STARÈEVIÆ;OŠ VOLTINO;VINKOVAÈKA ULICA 1;1102;454;454;439;15;313;126
21;GRAD ZAGREB;grad;GRAD ZAGREB;265;LJUBLJANICA;OŠ LJUBLJANICA;SVETOIVANSKA ULICA 33;1404;658;658;645;13;433;212
21;GRAD ZAGREB;grad;GRAD ZAGREB;266;LJUBLJANICA;OŠ LJUBLJANICA;SVETOIVANSKA ULICA 33;1307;662;651;642;9;454;188
21;GRAD ZAGREB;grad;GRAD ZAGREB;267;NIKOLA TESLA;ŠPORTSKA GIMNAZIJA;SELSKA CESTA 119;1231;528;528;516;12;379;137
21;GRAD ZAGREB;grad;GRAD ZAGREB;268;NIKOLA TESLA;ŠPORTSKA  GIMNAZIJA;SELSKA CESTA 119;1209;529;529;522;7;384;138
21;GRAD ZAGREB;grad;GRAD ZAGREB;269;NIKOLA TESLA;ŠPORTSKA GIMNAZIJA;SELSKA CESTA 119;1300;667;666;656;10;511;145
21;GRAD ZAGREB;grad;GRAD ZAGREB;270;PONGRAÈEVO;OŠ LJUBLJANICA;SVETOIVANSKA ULICA 33;1131;515;515;506;9;363;143
21;GRAD ZAGREB;grad;GRAD ZAGREB;271;PONGRAÈEVO;OŠ LJUBLJANICA;SVETOIVANSKA ULICA 33;1363;612;612;603;9;473;130
21;GRAD ZAGREB;grad;GRAD ZAGREB;272;PONGRAÈEVO;OŠ LJUBLJANICA;SVETOIVANSKA ULICA 33;1566;667;667;662;5;455;207
21;GRAD ZAGREB;grad;GRAD ZAGREB;273;PONGRAÈEVO;OŠ LJUBLJANICA;SVETOIVANSKA ULICA 33;1651;678;678;664;14;511;153
21;GRAD ZAGREB;grad;GRAD ZAGREB;274;RUDEŠ;OŠ RUDEŠ;JABLANSKA ULICA 51;1406;555;554;545;9;347;198
21;GRAD ZAGREB;grad;GRAD ZAGREB;275;RUDEŠ;OŠ RUDEŠ;JABLANSKA ULICA 51;1393;663;663;650;13;401;249
21;GRAD ZAGREB;grad;GRAD ZAGREB;276;RUDEŠ;OŠ RUDEŠ;JABLANSKA ULICA 51;1430;639;639;627;12;393;234
21;GRAD ZAGREB;grad;GRAD ZAGREB;277;RUDEŠ;OŠ RUDEŠ;JABLANSKA ULICA 51;1400;595;595;582;13;319;263
21;GRAD ZAGREB;grad;GRAD ZAGREB;278;RUDEŠ;OŠ RUDEŠ;JABLANSKA ULICA 51;1408;674;674;666;8;451;215
21;GRAD ZAGREB;grad;GRAD ZAGREB;279;RUDEŠ;OŠ RUDEŠ;JABLANSKA ULICA 51;1387;549;549;534;15;358;176
21;GRAD ZAGREB;grad;GRAD ZAGREB;280;SAMOBORÈEK;OŠ KRALJA TOMISLAVA;NOVA CESTA 92;1158;519;518;510;8;412;98
21;GRAD ZAGREB;grad;GRAD ZAGREB;281;SAMOBORÈEK;OŠ KRALJA TOMISLAVA;NOVA CESTA 92;1234;609;609;600;9;476;124
21;GRAD ZAGREB;grad;GRAD ZAGREB;282;SAMOBORÈEK;OŠ KRALJA TOMISLAVA;NOVA CESTA 92;1263;586;586;580;6;483;97
21;GRAD ZAGREB;grad;GRAD ZAGREB;283;SILVIJE STRAHIMIR KRANJÈEVIÆ;OŠ KRALJA TOMISLAVA;NOVA CESTA 92;1350;630;630;612;18;466;146
21;GRAD ZAGREB;grad;GRAD ZAGREB;284;SILVIJE STRAHIMIR KRANJÈEVIÆ;OŠ KRALJA TOMISLAVA;NOVA CESTA 92;1335;658;658;647;11;497;150
21;GRAD ZAGREB;grad;GRAD ZAGREB;285;SILVIJE STRAHIMIR KRANJÈEVIÆ;OŠ KRALJA TOMISLAVA;NOVA CESTA 92;1358;650;650;641;9;478;163
21;GRAD ZAGREB;grad;GRAD ZAGREB;286;SILVIJE STRAHIMIR KRANJÈEVIÆ;OŠ KRALJA TOMISLAVA;NOVA CESTA 92;1322;652;651;641;10;471;170
21;GRAD ZAGREB;grad;GRAD ZAGREB;287;STARA TREŠNJEVKA;IX. GIMNAZIJA;DOBOJSKA ULICA 12;1153;488;488;478;10;335;143
21;GRAD ZAGREB;grad;GRAD ZAGREB;288;STARA TREŠNJEVKA;IX. GIMNAZIJA;DOBOJSKA ULICA 12;1126;494;494;491;3;380;111
21;GRAD ZAGREB;grad;GRAD ZAGREB;289;STARA TREŠNJEVKA;IX. GIMNAZIJA;DOBOJSKA ULICA 12;1194;592;592;575;17;419;156
21;GRAD ZAGREB;grad;GRAD ZAGREB;290;STARA TREŠNJEVKA;IX. GIMNAZIJA;DOBOJSKA ULICA 12;1136;501;501;491;10;341;150
21;GRAD ZAGREB;grad;GRAD ZAGREB;291;STARA TREŠNJEVKA;IX. GIMNAZIJA;DOBOJSKA ULICA 12;1151;512;512;500;12;359;141
21;GRAD ZAGREB;grad;GRAD ZAGREB;292;GAJEVO;OŠ IVANA MEŠTROVIÆA;ULICA MARTINA PUŠTEKA 1;1196;557;556;544;12;355;189
21;GRAD ZAGREB;grad;GRAD ZAGREB;293;GAJEVO;OŠ IVANA MEŠTROVIÆA;ULICA MARTINA PUŠTEKA 1;1155;572;571;556;15;386;170
21;GRAD ZAGREB;grad;GRAD ZAGREB;294;GAJEVO;OŠ IVANA MEŠTROVIÆA;ULICA MARTINA PUŠTEKA 1;1210;669;668;655;13;464;191
21;GRAD ZAGREB;grad;GRAD ZAGREB;295;GAJEVO;OŠ IVANA MEŠTROVIÆA;ULICA MARTINA PUŠTEKA 1;1166;601;601;587;14;442;145
21;GRAD ZAGREB;grad;GRAD ZAGREB;296;GAJEVO;OŠ IVANA MEŠTROVIÆA;ULICA MARTINA PUŠTEKA 1;1180;574;574;563;11;407;156
21;GRAD ZAGREB;grad;GRAD ZAGREB;297;GAJEVO;OŠ IVANA MEŠTROVIÆA;ULICA MARTINA PUŠTEKA 1;1155;583;583;573;10;408;165
21;GRAD ZAGREB;grad;GRAD ZAGREB;298;HORVATI - SREDNJACI;OŠ JOSIPA RAÈIÆA;SREDNJACI 30;1336;670;670;659;11;531;128
21;GRAD ZAGREB;grad;GRAD ZAGREB;299;HORVATI - SREDNJACI;OŠ JOSIPA RAÈIÆA;SREDNJACI 30;1377;698;698;684;14;548;136
21;GRAD ZAGREB;grad;GRAD ZAGREB;300;HORVATI - SREDNJACI;OŠ JOSIPA RAÈIÆA;SREDNJACI 30;1341;636;636;626;10;492;134
21;GRAD ZAGREB;grad;GRAD ZAGREB;301;HORVATI - SREDNJACI;OŠ JOSIPA RAÈIÆA;SREDNJACI 30;1365;681;680;672;8;512;160
21;GRAD ZAGREB;grad;GRAD ZAGREB;302;HORVATI - SREDNJACI;OŠ JOSIPA RAÈIÆA;SREDNJACI 30;1311;658;658;646;12;455;191
21;GRAD ZAGREB;grad;GRAD ZAGREB;303;HORVATI - SREDNJACI;OŠ JOSIPA RAÈIÆA;SREDNJACI 30;1358;645;645;640;5;479;161
21;GRAD ZAGREB;grad;GRAD ZAGREB;304;HORVATI - SREDNJACI;OŠ JOSIPA RAÈIÆA;SREDNJACI 30;1438;690;689;677;12;500;177
21;GRAD ZAGREB;grad;GRAD ZAGREB;305;JARUN;PROSTORIJE MJESNOG ODBORA;HRGOVIÆI 57A;1112;531;531;525;6;384;141
21;GRAD ZAGREB;grad;GRAD ZAGREB;306;JARUN;PROSTORIJE MJESNOG ODBORA;HRGOVIÆI 57A;1217;586;586;581;5;448;133
21;GRAD ZAGREB;grad;GRAD ZAGREB;307;JARUN;OŠ BARTOLA KAŠIÆA;VRISNIÈKA ULICA 4;1324;615;615;603;12;416;187
21;GRAD ZAGREB;grad;GRAD ZAGREB;308;JARUN;OŠ BARTOLA KAŠIÆA;VRISNIÈKA ULICA 4;1370;737;737;726;11;463;263
21;GRAD ZAGREB;grad;GRAD ZAGREB;309;JARUN;OŠ BARTOLA KAŠIÆA;VRISNIÈKA ULICA 4;1379;644;644;628;16;392;236
21;GRAD ZAGREB;grad;GRAD ZAGREB;310;JARUN;OŠ BARTOLA KAŠIÆA;VRISNIÈKA ULICA 4;1336;580;580;574;6;417;157
21;GRAD ZAGREB;grad;GRAD ZAGREB;311;JARUN;OŠ BARTOLA KAŠIÆA;VRISNIÈKA ULICA 4;1354;611;610;598;12;423;175
21;GRAD ZAGREB;grad;GRAD ZAGREB;312;JARUN;OŠ BARTOLA KAŠIÆA;VRISNIÈKA ULICA 4;1313;681;679;669;10;433;236
21;GRAD ZAGREB;grad;GRAD ZAGREB;313;KNEŽIJA;PROSTORIJE MJESNOG ODBORA;ALBAHARIJEVA ULICA 2;962;474;474;468;6;371;97
21;GRAD ZAGREB;grad;GRAD ZAGREB;314;KNEŽIJA;OŠ MATIJE GUPCA;ULICA DAVORINA BAZJANCA 2;1423;715;715;712;3;553;159
21;GRAD ZAGREB;grad;GRAD ZAGREB;315;KNEŽIJA;OŠ MATIJE GUPCA;ULICA DAVORINA BAZJANCA 2;1362;646;646;636;10;465;171
21;GRAD ZAGREB;grad;GRAD ZAGREB;316;KNEŽIJA;OŠ MATIJE GUPCA;ULICA DAVORINA BAZJANCA 2;1312;611;611;600;11;486;114
21;GRAD ZAGREB;grad;GRAD ZAGREB;317;KNEŽIJA;OŠ MATIJE GUPCA;ULICA DAVORINA BAZJANCA 2;1441;669;669;656;13;511;145
21;GRAD ZAGREB;grad;GRAD ZAGREB;318;KNEŽIJA;OŠ MATIJE GUPCA;ULICA DAVORINA BAZJANCA 2;1347;607;607;598;9;403;195
21;GRAD ZAGREB;grad;GRAD ZAGREB;319;KNEŽIJA;PROSTORIJE MJESNOG ODBORA;HORVAÆANSKA CESTA 54;1013;509;509;497;12;385;112
21;GRAD ZAGREB;grad;GRAD ZAGREB;320;PREÈKO;OŠ PREÈKO;DEKANIÆI 6;1242;580;580;566;14;401;165
21;GRAD ZAGREB;grad;GRAD ZAGREB;321;PREÈKO;OŠ PREÈKO;DEKANIÆI 6;1270;517;517;510;7;381;129
21;GRAD ZAGREB;grad;GRAD ZAGREB;322;PREÈKO;OŠ PREÈKO;DEKANIÆI 6;1325;618;617;606;11;433;173
21;GRAD ZAGREB;grad;GRAD ZAGREB;323;PREÈKO;OŠ PREÈKO;DEKANIÆI 6;1375;648;648;634;14;469;165
21;GRAD ZAGREB;grad;GRAD ZAGREB;324;PREÈKO;OŠ PREÈKO;DEKANIÆI 6;1233;580;580;571;9;418;153
21;GRAD ZAGREB;grad;GRAD ZAGREB;325;PREÈKO;OŠ PREÈKO;DEKANIÆI 6;1233;545;545;534;11;400;134
21;GRAD ZAGREB;grad;GRAD ZAGREB;326;PREÈKO;OŠ PREÈKO;DEKANIÆI 6;1218;501;501;486;15;332;154
21;GRAD ZAGREB;grad;GRAD ZAGREB;327;PREÈKO;OŠ NIKOLE TESLE;ULICA IVANA MATETIÆA RONJGOVA 67;1092;488;488;472;16;354;118
21;GRAD ZAGREB;grad;GRAD ZAGREB;328;PREÈKO;OŠ NIKOLE TESLE;ULICA IVANA MATETIÆA RONJGOVA 67;1104;529;529;523;6;431;92
21;GRAD ZAGREB;grad;GRAD ZAGREB;329;PREÈKO;OŠ NIKOLE TESLE;ULICA IVANA MATETIÆA RONJGOVA 67;1085;470;470;458;12;332;126
21;GRAD ZAGREB;grad;GRAD ZAGREB;330;VRBANI;OŠ VRBANI;LISTOPADSKA ULICA 8;1253;581;581;571;10;404;167
21;GRAD ZAGREB;grad;GRAD ZAGREB;331;VRBANI;OŠ VRBANI;LISTOPADSKA ULICA 8;1225;616;616;590;26;414;176
21;GRAD ZAGREB;grad;GRAD ZAGREB;332;VRBANI;OŠ VRBANI;LISTOPADSKA ULICA 8;1264;639;639;628;11;449;179
21;GRAD ZAGREB;grad;GRAD ZAGREB;333;VRBANI;OŠ VRBANI;LISTOPADSKA ULICA 8;1277;635;635;625;10;393;232
21;GRAD ZAGREB;grad;GRAD ZAGREB;334;VRBANI;OŠ VRBANI;LISTOPADSKA ULICA 8;1247;611;611;604;7;452;152
21;GRAD ZAGREB;grad;GRAD ZAGREB;335;VRBANI;OŠ VRBANI;LISTOPADSKA ULICA 8;1277;640;639;625;14;439;186
21;GRAD ZAGREB;grad;GRAD ZAGREB;336;VRBANI;OŠ VRBANI;LISTOPADSKA ULICA 8;1271;648;648;630;18;409;221
21;GRAD ZAGREB;grad;GRAD ZAGREB;337;BAN KEGLEVIÆ;PROSTORIJE MJESNOG ODBORA;TRG FRANCUSKE REPUBLIKE 11;1218;623;623;609;14;479;130
21;GRAD ZAGREB;grad;GRAD ZAGREB;338;BAN KEGLEVIÆ;PROSTORIJE MJESNOG ODBORA;BLEIWEISOVA ULICA 24;1201;578;576;569;7;451;118
21;GRAD ZAGREB;grad;GRAD ZAGREB;339;BAN KEGLEVIÆ;PROSTORIJE MJESNOG ODBORA;BLEIWEISOVA ULICA 24;1117;593;592;584;8;438;146
21;GRAD ZAGREB;grad;GRAD ZAGREB;340;BARTOL KAŠIÆ;PROSTORIJE MJESNOG ODBORA;SELSKA CESTA 3;783;394;394;391;3;311;80
21;GRAD ZAGREB;grad;GRAD ZAGREB;341;BARTOL KAŠIÆ;PROSTORIJE MJESNOG ODBORA;SELSKA CESTA 3;695;324;324;314;10;240;74
21;GRAD ZAGREB;grad;GRAD ZAGREB;342;BARTOL KAŠIÆ;OŠ IVANA CANKARA;ULICA IVANA CANKARA 10;1384;644;644;638;6;499;139
21;GRAD ZAGREB;grad;GRAD ZAGREB;343;GORNJA KUSTOŠIJA;"DJEÈJI VRTIÆ ""PETAR PAN""";LENDAVSKA ULICA 7;1586;677;677;659;18;421;238
21;GRAD ZAGREB;grad;GRAD ZAGREB;344;GORNJA KUSTOŠIJA;OŠ KUSTOŠIJA;SOKOLSKA ULICA 7;1554;664;664;647;17;422;225
21;GRAD ZAGREB;grad;GRAD ZAGREB;345;GORNJA KUSTOŠIJA;OŠ KUSTOŠIJA - PODRUÈNA ŠKOLA GORNJA KUSTOŠIJA;KUSTOŠIJANSKA ULICA 272;1546;655;655;637;18;410;227
21;GRAD ZAGREB;grad;GRAD ZAGREB;346;GORNJA KUSTOŠIJA;OŠ KUSTOŠIJA - PODRUÈNA ŠKOLA GORNJA KUSTOŠIJA;KUSTOŠIJANSKA ULICA 272;1554;637;635;617;18;356;261
21;GRAD ZAGREB;grad;GRAD ZAGREB;347;JELENOVAC;PODRUÈNI URED ÈRNOMEREC;TRG FRANCUSKE REPUBLIKE 15;1437;681;681;665;16;459;206
21;GRAD ZAGREB;grad;GRAD ZAGREB;348;JELENOVAC;PODRUÈNI URED ÈRNOMEREC;TRG FRANCUSKE REPUBLIKE 15;1230;561;560;551;9;418;133
21;GRAD ZAGREB;grad;GRAD ZAGREB;349;KUSTOŠIJA - CENTAR;PROSTORIJE MJESNOG ODBORA;ILICA 259;1004;446;446;437;9;283;154
21;GRAD ZAGREB;grad;GRAD ZAGREB;350;KUSTOŠIJA - CENTAR;OŠ KUSTOŠIJA;SOKOLSKA ULICA 7;822;319;319;314;5;224;90
21;GRAD ZAGREB;grad;GRAD ZAGREB;351;KUSTOŠIJA - CENTAR;OŠ KUSTOŠIJA;SOKOLSKA ULICA 7;866;392;392;383;9;286;97
21;GRAD ZAGREB;grad;GRAD ZAGREB;352;MEDVEDGRAD;PROSTORIJE MJESNOG ODBORA;MIKULIÆI 189;700;349;349;341;8;209;132
21;GRAD ZAGREB;grad;GRAD ZAGREB;353;MEDVEDGRAD;DVORAC PONGRATZ;MIKULIÆI 133;1494;779;779;766;13;449;317
21;GRAD ZAGREB;grad;GRAD ZAGREB;354;MEDVEDGRAD;DJEÈJI VRTIÆ ŠUMSKA JAGODA;BIJENIK 164;865;412;412;400;12;253;147
21;GRAD ZAGREB;grad;GRAD ZAGREB;355;MEDVEDGRAD;DJEÈJI VRTIÆ ŠUMSKA JAGODA;BIJENIK 164;988;477;477;467;10;303;164
21;GRAD ZAGREB;grad;GRAD ZAGREB;356;SVETI DUH;PROSTORIJE MJESNOG ODBORA;SVETI DUH 26;1218;571;571;558;13;382;176
21;GRAD ZAGREB;grad;GRAD ZAGREB;357;SVETI DUH;OŠ MEDVEDGRAD;STRMA CESTA 15;1125;489;489;473;16;320;153
21;GRAD ZAGREB;grad;GRAD ZAGREB;358;SVETI DUH;OŠ MEDVEDGRAD;STRMA CESTA 15;1115;485;485;474;11;298;176
21;GRAD ZAGREB;grad;GRAD ZAGREB;359;SVETI DUH;OŠ MEDVEDGRAD;STRMA CESTA 15;1151;485;483;474;9;330;144
21;GRAD ZAGREB;grad;GRAD ZAGREB;360;SVETI DUH;PROSTORIJE MJESNOG ODBORA;DUNJEVAC 15A;1346;664;664;653;11;442;211
21;GRAD ZAGREB;grad;GRAD ZAGREB;361;ŠESTINSKI DOL-VRHOVEC;OŠ NAD LIPOM;NAD LIPOM 13/1;985;478;478;463;15;349;114
21;GRAD ZAGREB;grad;GRAD ZAGREB;362;ŠESTINSKI DOL-VRHOVEC;OŠ NAD LIPOM;NAD LIPOM 13/1;975;514;514;499;15;299;200
21;GRAD ZAGREB;grad;GRAD ZAGREB;363;ŠESTINSKI DOL-VRHOVEC;OŠ NAD LIPOM;NAD LIPOM 13/1;1001;475;475;463;12;346;117
21;GRAD ZAGREB;grad;GRAD ZAGREB;364;ŠESTINSKI DOL-VRHOVEC;OŠ PAVLEKA MIŠKINE;SVETI DUH 24;1020;511;511;504;7;381;123
21;GRAD ZAGREB;grad;GRAD ZAGREB;365;ŠESTINSKI DOL-VRHOVEC;OŠ PAVLEKA MIŠKINE;SVETI DUH 24;1029;448;448;442;6;287;155
21;GRAD ZAGREB;grad;GRAD ZAGREB;366;ŠESTINSKI DOL-VRHOVEC;OŠ PAVLEKA MIŠKINE;SVETI DUH 24;1019;420;419;413;6;302;111
21;GRAD ZAGREB;grad;GRAD ZAGREB;367;BRANOVEC-JALŠEVEC;VATROGASNI DOM;BRANOVEÈKA CESTA 94;1018;400;400;392;8;186;206
21;GRAD ZAGREB;grad;GRAD ZAGREB;368;ÈUÈERJE;OŠ ÈUÈERJE;ÈUÈERSKA CESTA 382;1150;480;480;464;16;250;214
21;GRAD ZAGREB;grad;GRAD ZAGREB;369;ÈUÈERJE;OŠ ÈUÈERJE;ÈUÈERSKA CESTA 382;1127;386;386;372;14;240;132
21;GRAD ZAGREB;grad;GRAD ZAGREB;370;DANKOVEC;OŠ ÈUÈERJE-PODRUÈNA ŠKOLA DANKOVEC;SLANOVEÈKA CESTA 19;1254;535;535;526;9;280;246
21;GRAD ZAGREB;grad;GRAD ZAGREB;371;DANKOVEC;OŠ ÈUÈERJE-PODRUÈNA ŠKOLA DANKOVEC;SLANOVEÈKA CESTA 19;1240;471;471;453;18;262;191
21;GRAD ZAGREB;grad;GRAD ZAGREB;372;DUBEC;OŠ ANTUNA MIHANOVIÆA;DUBEÈKA ULICA 5;1215;547;547;536;11;308;228
21;GRAD ZAGREB;grad;GRAD ZAGREB;373;DUBEC;OŠ ANTUNA MIHANOVIÆA;DUBEÈKA ULICA 5;1210;542;542;524;18;241;283
21;GRAD ZAGREB;grad;GRAD ZAGREB;374;DUBEC;PROSTORIJE MJESNOG ODBORA;ULICA RUDOLFA IVANKOVIÆA 34;1313;545;545;523;22;272;251
21;GRAD ZAGREB;grad;GRAD ZAGREB;375;DUBRAVA - SREDIŠTE;OŠ DR.ANTE STARÈEVIÆA;ULICA SV. LEOPOLDA MANDIÆA 55;1249;611;611;598;13;321;277
21;GRAD ZAGREB;grad;GRAD ZAGREB;376;DUBRAVA - SREDIŠTE;OŠ DR.ANTE STARÈEVIÆA;ULICA SV. LEOPOLDA MANDIÆA 55;1281;562;562;548;14;225;323
21;GRAD ZAGREB;grad;GRAD ZAGREB;377;DUBRAVA - SREDIŠTE;OŠ DR.ANTE STARÈEVIÆA;ULICA SV. LEOPOLDA MANDIÆA 55;1317;642;642;631;11;325;306
21;GRAD ZAGREB;grad;GRAD ZAGREB;378;DUBRAVA - SREDIŠTE;OŠ DR.ANTE STARÈEVIÆA;ULICA SV. LEOPOLDA MANDIÆA 55;1292;567;567;558;9;351;207
21;GRAD ZAGREB;grad;GRAD ZAGREB;379;DUBRAVA - SREDIŠTE;OŠ DR.ANTE STARÈEVIÆA;ULICA SV. LEOPOLDA MANDIÆA 55;1269;586;586;572;14;310;262
21;GRAD ZAGREB;grad;GRAD ZAGREB;380;GORNJA DUBRAVA;DJEÈJI VRTIÆ RADOST;LJUBIJSKA ULICA 79A;988;470;470;459;11;229;230
21;GRAD ZAGREB;grad;GRAD ZAGREB;381;GORNJA DUBRAVA;DJEÈJI VRTIÆ RADOST;LJUBIJSKA ULICA 79A;1002;406;406;403;3;196;207
21;GRAD ZAGREB;grad;GRAD ZAGREB;382;GORNJA DUBRAVA;DJEÈJI VRTIÆ RADOST;LJUBIJSKA ULICA 79A;1073;447;447;437;10;263;174
21;GRAD ZAGREB;grad;GRAD ZAGREB;383;GORNJA DUBRAVA;OŠ ŽUTI BRIJEG;VRTNJAKOVEÈKA ULICA 8;1511;598;598;584;14;323;261
21;GRAD ZAGREB;grad;GRAD ZAGREB;384;GORNJA DUBRAVA;PROSTORIJE MJESNOG ODBORA;DRAVSKA ULICA 4;1200;539;539;531;8;295;236
21;GRAD ZAGREB;grad;GRAD ZAGREB;385;GRANEŠINA;VATROGASNI DOM GRANEŠINA;GRANEŠINA 18;865;383;383;374;9;137;237
21;GRAD ZAGREB;grad;GRAD ZAGREB;386;GRANEŠINA;PROSTORIJE MJESNOG ODBORA;SUNEKOVA ULICA 135;862;427;427;421;6;37;384
21;GRAD ZAGREB;grad;GRAD ZAGREB;387;GRANEŠINSKI NOVAKI;PROSTORIJE MJESNOG ODBORA;NOVAÈKA ULICA 200;1432;606;605;599;6;288;311
21;GRAD ZAGREB;grad;GRAD ZAGREB;388;KLAKA;OŠ MATE LOVRAKA;ALEJA BLAŽA JURIŠIÆA 13;1381;615;615;605;10;364;241
21;GRAD ZAGREB;grad;GRAD ZAGREB;389;KLAKA;OŠ MATE LOVRAKA;ALEJA BLAŽA JURIŠIÆA 13;1292;561;561;550;11;301;249
21;GRAD ZAGREB;grad;GRAD ZAGREB;390;KLAKA;OŠ MATE LOVRAKA;ALEJA BLAŽA JURIŠIÆA 13;1197;496;496;490;6;326;164
21;GRAD ZAGREB;grad;GRAD ZAGREB;391;KLAKA;OŠ MATE LOVRAKA;ALEJA BLAŽA JURIŠIÆA 13;1265;490;490;480;10;93;387
21;GRAD ZAGREB;grad;GRAD ZAGREB;392;KLAKA;OŠ MATE LOVRAKA;ALEJA BLAŽA JURIŠIÆA 13;1254;504;504;493;11;211;282
21;GRAD ZAGREB;grad;GRAD ZAGREB;393;KLAKA;DJEÈJI VRTIÆ PÈELICA;ULICA JOSIPA HAMMA 2;1025;481;481;471;10;279;192
21;GRAD ZAGREB;grad;GRAD ZAGREB;394;KLAKA;PROSTORIJE MJESNOG ODBORA;ULICA ZDENKA ŠKREBA 3;1165;446;445;435;10;223;212
21;GRAD ZAGREB;grad;GRAD ZAGREB;395;MIROŠEVEC;PROSTORIJE MJESNOG ODBORA;MIROŠEVEÈKA CESTA 131;1621;706;706;691;15;319;372
21;GRAD ZAGREB;grad;GRAD ZAGREB;396;NOVOSELEC;PROSTORIJE MJESNOG ODBORA;NOVOSELEÈKI PUT 181;1513;642;642;630;12;235;395
21;GRAD ZAGREB;grad;GRAD ZAGREB;397;OPOROVEC;PROSTORIJE MJESNOG ODBORA;OPOROVEÈKI VINOGRADI 20;1289;541;541;531;10;255;276
21;GRAD ZAGREB;grad;GRAD ZAGREB;398;OPOROVEC;PROSTORIJE MJESNOG ODBORA;OPOROVEÈKI VINOGRADI 20;1290;567;567;552;15;212;340
21;GRAD ZAGREB;grad;GRAD ZAGREB;399;POLJANICE;PROSTORIJE MJESNOG ODBORA;DUBRAVA 203;1318;631;631;612;19;335;277
21;GRAD ZAGREB;grad;GRAD ZAGREB;400;POLJANICE;DJEÈJI VRTIÆ SUNCE;TREÆE POLJANICE 2;1297;610;610;599;11;288;311
21;GRAD ZAGREB;grad;GRAD ZAGREB;401;POLJANICE;DJEÈJI VRTIÆ SUNCE;TREÆE POLJANICE 2;1379;628;628;614;14;279;335
21;GRAD ZAGREB;grad;GRAD ZAGREB;402;STUDENTSKI GRAD;OŠ VJENCESLAVA NOVAKA;ULICA VILE VELEBITA 15A;1519;646;646;643;3;432;211
21;GRAD ZAGREB;grad;GRAD ZAGREB;403;STUDENTSKI GRAD;OŠ VJENCESLAVA NOVAKA;ULICA VILE VELEBITA 15A;1491;724;724;711;13;446;265
21;GRAD ZAGREB;grad;GRAD ZAGREB;404;STUDENTSKI GRAD;PROSTORIJE MJESNOG ODBORA;ULICA VILE VELEBITA 10/3;1015;460;460;454;6;247;207
21;GRAD ZAGREB;grad;GRAD ZAGREB;405;STUDENTSKI GRAD;PROSTORIJE MJESNOG ODBORA;ULICA VILE VELEBITA 10/3;1033;422;422;416;6;270;146
21;GRAD ZAGREB;grad;GRAD ZAGREB;406;STUDENTSKI GRAD;PREHRAMBENO-TEHNOLOŠKA ŠKOLA;ULICA GJURE PREJCA 2;1056;515;515;504;11;343;161
21;GRAD ZAGREB;grad;GRAD ZAGREB;407;TRNOVÈICA;OŠ A.B. ŠIMIÆA;KROTOVICA 15;941;452;452;440;12;155;285
21;GRAD ZAGREB;grad;GRAD ZAGREB;408;TRNOVÈICA;OŠ A.B. ŠIMIÆA;KROTOVICA 15;919;399;399;395;4;109;286
21;GRAD ZAGREB;grad;GRAD ZAGREB;409;TRNOVÈICA;PROSTORIJE MJESNOG ODBORA;TRNOVÈICA 2A;1196;604;604;590;14;177;413
21;GRAD ZAGREB;grad;GRAD ZAGREB;410;ZELENI BRIJEG;TENISKI KLUB MIROŠEVEÈINA;MIROŠEVEÈKI BRIJEG 45;883;418;418;412;6;253;159
21;GRAD ZAGREB;grad;GRAD ZAGREB;411;ÈULINEC;PROSTORIJE MJESNOG ODBORA;ULICA BADEMA 2A;809;341;341;328;13;178;150
21;GRAD ZAGREB;grad;GRAD ZAGREB;412;ÈULINEC;PROSTORIJE MJESNOG ODBORA;ULICA BADEMA 2A;887;432;432;426;6;261;165
21;GRAD ZAGREB;grad;GRAD ZAGREB;413;DONJA DUBRAVA;OŠ MARIJE JURIÆ ZAGORKE;ŠTEFANOVEÈKA CESTA 67;1433;607;607;592;15;278;314
21;GRAD ZAGREB;grad;GRAD ZAGREB;414;DONJA DUBRAVA;OŠ MARIJE JURIÆ ZAGORKE;ŠTEFANOVEÈKA CESTA 67;1450;650;650;639;11;339;300
21;GRAD ZAGREB;grad;GRAD ZAGREB;415;IVAN MAŽURANIÆ;OŠ IVANA MAŽURANIÆA;JAVORINSKA ULICA 5;1297;652;652;643;9;332;311
21;GRAD ZAGREB;grad;GRAD ZAGREB;416;IVAN MAŽURANIÆ;OŠ IVANA MAŽURANIÆA;JAVORINSKA ULICA 5;1208;531;527;507;20;252;255
21;GRAD ZAGREB;grad;GRAD ZAGREB;417;IVAN MAŽURANIÆ;DOM ZDRAVLJA ZAGREB-ISTOK AMBULANTA;SLAVONSKA ULICA 35;1505;730;730;717;13;336;381
21;GRAD ZAGREB;grad;GRAD ZAGREB;418;NOVI RETKOVEC;OŠ RETKOVEC;ALEJA JAVORA 2;1215;514;513;508;5;280;228
21;GRAD ZAGREB;grad;GRAD ZAGREB;419;NOVI RETKOVEC;OŠ RETKOVEC;ALEJA JAVORA 2;1226;442;442;438;4;203;235
21;GRAD ZAGREB;grad;GRAD ZAGREB;420;NOVI RETKOVEC;OŠ RETKOVEC;ALEJA JAVORA 2;1198;526;526;514;12;345;169
21;GRAD ZAGREB;grad;GRAD ZAGREB;421;NOVI RETKOVEC;OŠ RETKOVEC;ALEJA JAVORA 2;1257;531;531;515;16;294;221
21;GRAD ZAGREB;grad;GRAD ZAGREB;422;NOVI RETKOVEC;OŠ RETKOVEC;ALEJA JAVORA 2;1248;551;551;533;18;301;232
21;GRAD ZAGREB;grad;GRAD ZAGREB;423;NOVI RETKOVEC;PROSTORIJE MJESNOG ODBORA;ULICA BREZA 26;1238;528;527;519;8;316;203
21;GRAD ZAGREB;grad;GRAD ZAGREB;424;RESNIÈKI GAJ;PROSTORIJE MJESNOG ODBORA;ÈULINEÈKA CESTA 230;310;121;121;120;1;58;62
21;GRAD ZAGREB;grad;GRAD ZAGREB;425;STARI RETKOVEC;PROSTORIJE MJESNOG ODBORA;I. RETKOVEC 2A;1222;428;428;423;5;174;249
21;GRAD ZAGREB;grad;GRAD ZAGREB;426;STARI RETKOVEC;OŠ SESVETSKA SOPNICA;SOPNIÈKA ULICA 69;1178;448;448;446;2;147;299
21;GRAD ZAGREB;grad;GRAD ZAGREB;427;30. SVIBNJA 1990.;PROSTORIJE MJESNOG ODBORA;VINODOLSKA ULICA 23;1315;508;508;497;11;235;262
21;GRAD ZAGREB;grad;GRAD ZAGREB;428;30. SVIBNJA 1990.;PROSTORIJE MJESNOG ODBORA;VINODOLSKA ULICA 23;1361;516;516;504;12;225;279
21;GRAD ZAGREB;grad;GRAD ZAGREB;429;30. SVIBNJA 1990.;PROSTORIJE MJESNOG ODBORA;VINODOLSKA ULICA 23;1244;542;542;532;10;230;302
21;GRAD ZAGREB;grad;GRAD ZAGREB;430;30. SVIBNJA 1990.;PROSTORIJE MJESNOG ODBORA;VINODOLSKA ULICA 23;1346;492;492;478;14;234;244
21;GRAD ZAGREB;grad;GRAD ZAGREB;431;TRNAVA;PROSTORIJE MJESNOG ODBORA;RESNIÈKI PUT 1A;1132;478;478;468;10;243;225
21;GRAD ZAGREB;grad;GRAD ZAGREB;432;TRNAVA;PROSTORIJE MJESNOG ODBORA;RESNIÈKI PUT 1A;1103;466;466;454;12;214;240
21;GRAD ZAGREB;grad;GRAD ZAGREB;433;TRNAVA;PROSTORIJE MJESNOG ODBORA;RESNIÈKI PUT 1A;1118;430;430;415;15;214;201
21;GRAD ZAGREB;grad;GRAD ZAGREB;434;TRNAVA;DJEÈJI VRTIÆ JABUKA;RESNIÈKI PUT 88;1355;467;467;461;6;206;255
21;GRAD ZAGREB;grad;GRAD ZAGREB;435;TRNAVA;DJEÈJI VRTIÆ JABUKA;RESNIÈKI PUT 88;1296;476;475;468;7;187;281
21;GRAD ZAGREB;grad;GRAD ZAGREB;436;TRNAVA;DJEÈJI VRTIÆ JABUKA;RESNIÈKI PUT 88;1301;502;502;484;18;285;199
21;GRAD ZAGREB;grad;GRAD ZAGREB;437;MALEŠNICA;PROSTORIJE MJESNOG ODBORA;ULICA IVANE BRLIÆ - MAŽURANIÆ 18;1410;676;676;664;12;400;264
21;GRAD ZAGREB;grad;GRAD ZAGREB;438;MALEŠNICA;OŠ MALEŠNICA;ULICA ANTE TOPIÆ - MIMARE 36;1306;602;602;592;10;379;213
21;GRAD ZAGREB;grad;GRAD ZAGREB;439;MALEŠNICA;OŠ MALEŠNICA;ULICA ANTE TOPIÆ - MIMARE 36;1339;584;584;568;16;351;217
21;GRAD ZAGREB;grad;GRAD ZAGREB;440;MALEŠNICA;OŠ MALEŠNICA;ULICA ANTE TOPIÆ - MIMARE 36;1354;619;619;606;13;376;230
21;GRAD ZAGREB;grad;GRAD ZAGREB;441;MALEŠNICA;OŠ MALEŠNICA;ULICA ANTE TOPIÆ - MIMARE 36;1369;635;635;615;20;397;218
21;GRAD ZAGREB;grad;GRAD ZAGREB;442;MALEŠNICA;OŠ MALEŠNICA;ULICA ANTE TOPIÆ - MIMARE 36;1320;605;605;587;18;365;222
21;GRAD ZAGREB;grad;GRAD ZAGREB;443;DONJA KUSTOŠIJA;OŠ OTONA IVEKOVIÆA;ULICA STJEPKA PASANCA 3;1183;535;535;527;8;346;181
21;GRAD ZAGREB;grad;GRAD ZAGREB;444;DONJA KUSTOŠIJA;OŠ OTONA IVEKOVIÆA;ULICA STJEPKA PASANCA 3;999;458;458;446;12;275;171
21;GRAD ZAGREB;grad;GRAD ZAGREB;445;DONJA KUSTOŠIJA;OŠ OTONA IVEKOVIÆA;ULICA STJEPKA PASANCA 3;993;452;452;445;7;276;169
21;GRAD ZAGREB;grad;GRAD ZAGREB;446;STENJEVEC-JUG;GIMNAZIJA LUCIJANA VRANJANINA;TRG HRVATSKIH PAVLINA 1;1264;542;542;531;11;341;190
21;GRAD ZAGREB;grad;GRAD ZAGREB;447;STENJEVEC-JUG;GIMNAZIJA LUCIJANA VRANJANINA;TRG HRVATSKIH PAVLINA 1;1233;564;564;553;11;294;259
21;GRAD ZAGREB;grad;GRAD ZAGREB;448;STENJEVEC-JUG;GIMNAZIJA LUCIJANA VRANJANINA;TRG HRVATSKIH PAVLINA 1;1193;515;515;508;7;319;189
21;GRAD ZAGREB;grad;GRAD ZAGREB;449;STENJEVEC-JUG;GIMNAZIJA LUCIJANA VRANJANINA;TRG HRVATSKIH PAVLINA 1;1188;544;544;531;13;314;217
21;GRAD ZAGREB;grad;GRAD ZAGREB;450;STENJEVEC-JUG;DRUŠTVENI DOM STENJEVEC;SAMOBORSKA CESTA 71/1;1156;495;494;486;8;338;148
21;GRAD ZAGREB;grad;GRAD ZAGREB;451;STENJEVEC-JUG;DRUŠTVENI DOM STENJEVEC;SAMOBORSKA CESTA 71/1;1195;531;529;523;6;386;137
21;GRAD ZAGREB;grad;GRAD ZAGREB;452;ŠPANSKO-JUG;OŠ ŠPANSKO ORANICE;DJEÈJI TRG 1;1123;604;604;587;17;406;181
21;GRAD ZAGREB;grad;GRAD ZAGREB;453;ŠPANSKO-JUG;OŠ ŠPANSKO ORANICE;DJEÈJI TRG 1;1109;557;557;546;11;401;145
21;GRAD ZAGREB;grad;GRAD ZAGREB;454;ŠPANSKO-JUG;OŠ ŠPANSKO ORANICE;DJEÈJI TRG 1;1128;563;563;557;6;367;190
21;GRAD ZAGREB;grad;GRAD ZAGREB;455;ŠPANSKO-JUG;OŠ ŠPANSKO ORANICE;DJEÈJI TRG 1;1165;609;609;601;8;408;193
21;GRAD ZAGREB;grad;GRAD ZAGREB;456;ŠPANSKO-JUG;OŠ ŠPANSKO ORANICE;DJEÈJI TRG 1;1113;667;667;660;7;441;219
21;GRAD ZAGREB;grad;GRAD ZAGREB;457;ŠPANSKO-JUG;OŠ TITUŠA BREZOVAÈKOG;ŠPANSKO 1;1308;656;656;640;16;437;203
21;GRAD ZAGREB;grad;GRAD ZAGREB;458;ŠPANSKO-JUG;OŠ TITUŠA BREZOVAÈKOG;ŠPANSKO 1;1302;639;639;629;10;442;187
21;GRAD ZAGREB;grad;GRAD ZAGREB;459;ŠPANSKO-JUG;OŠ TITUŠA BREZOVAÈKOG;ŠPANSKO 1;1317;575;575;558;17;328;230
21;GRAD ZAGREB;grad;GRAD ZAGREB;460;ŠPANSKO-JUG;OŠ TITUŠA BREZOVAÈKOG;ŠPANSKO 1;1326;593;593;584;9;379;205
21;GRAD ZAGREB;grad;GRAD ZAGREB;461;ŠPANSKO-JUG;OŠ TITUŠA BREZOVAÈKOG;ŠPANSKO 1;1358;660;660;641;19;462;179
21;GRAD ZAGREB;grad;GRAD ZAGREB;462;ŠPANSKO-SJEVER;PROSTORIJE MJESNOG ODBORA;TRG IVANA KUKULJEVIÆA 9;1256;660;660;651;9;446;205
21;GRAD ZAGREB;grad;GRAD ZAGREB;463;ŠPANSKO-SJEVER;DJEÈJI VRTIÆ MALEŠNICA-PODRUÈNI OBJEKT;ULICA DOBRIŠE CESARIÆA 4;1017;494;494;481;13;340;141
21;GRAD ZAGREB;grad;GRAD ZAGREB;464;ŠPANSKO-SJEVER;DJEÈJI VRTIÆ MALEŠNICA-PODRUÈNI OBJEKT;ULICA DOBRIŠE CESARIÆA 4;981;484;484;475;9;331;144
21;GRAD ZAGREB;grad;GRAD ZAGREB;465;ŠPANSKO-SJEVER;DJEÈJI VRTIÆ MALEŠNICA-PODRUÈNI OBJEKT;ULICA DOBRIŠE CESARIÆA 4;1012;482;482;474;8;303;171
21;GRAD ZAGREB;grad;GRAD ZAGREB;466;ŠPANSKO-SJEVER;OŠ ANTE KOVAÈIÆA;KOTARNICA 17;1289;604;604;597;7;381;216
21;GRAD ZAGREB;grad;GRAD ZAGREB;467;ŠPANSKO-SJEVER;OŠ ANTE KOVAÈIÆA;KOTARNICA 17;1406;709;708;693;15;421;272
21;GRAD ZAGREB;grad;GRAD ZAGREB;468;ŠPANSKO-SJEVER;OŠ ANTE KOVAÈIÆA;KOTARNICA 17;1273;622;622;606;16;405;201
21;GRAD ZAGREB;grad;GRAD ZAGREB;469;ŠPANSKO-SJEVER;OŠ ANTE KOVAÈIÆA;KOTARNICA 17;1338;598;598;585;13;374;211
21;GRAD ZAGREB;grad;GRAD ZAGREB;470;VRAPÈE-JUG;PROSTORIJE MJESNOG ODBORA;MEDARSKA ULICA 80B;1139;457;457;447;10;279;168
21;GRAD ZAGREB;grad;GRAD ZAGREB;471;VRAPÈE-JUG;PROSTORIJE MJESNOG ODBORA;MEDARSKA ULICA 80B;1224;471;471;461;10;282;179
21;GRAD ZAGREB;grad;GRAD ZAGREB;472;VRAPÈE-JUG;PROSTORIJE MJESNOG ODBORA;MEDARSKA ULICA 80B;1127;471;471;459;12;283;176
21;GRAD ZAGREB;grad;GRAD ZAGREB;473;VRAPÈE-JUG;PROSTORIJE MJESNOG ODBORA;MEDARSKA ULICA 80B;1125;411;411;401;10;287;114
21;GRAD ZAGREB;grad;GRAD ZAGREB;474;VRAPÈE-JUG;DJEÈJI VRTIÆ ŠPANSKO-PODRUÈNI OBJEKT;VI. ORANIÈKI ODVOJAK 4;877;436;436;429;7;313;116
21;GRAD ZAGREB;grad;GRAD ZAGREB;475;VRAPÈE-JUG;DJEÈJI VRTIÆ ŠPANSKO-PODRUÈNI OBJEKT;VI. ORANIÈKI ODVOJAK 4;891;448;448;438;10;325;113
21;GRAD ZAGREB;grad;GRAD ZAGREB;476;GAJNICE;OŠ DRAGUTINA DOMJANIÆA;GAJNICE 31;1367;661;661;648;13;494;154
21;GRAD ZAGREB;grad;GRAD ZAGREB;477;GAJNICE;OŠ DRAGUTINA DOMJANIÆA;GAJNICE 31;1390;649;649;640;9;465;175
21;GRAD ZAGREB;grad;GRAD ZAGREB;478;GAJNICE;OŠ DRAGUTINA DOMJANIÆA;GAJNICE 31;1370;608;608;597;11;421;176
21;GRAD ZAGREB;grad;GRAD ZAGREB;479;GAJNICE;PROSTORIJE MJESNOG ODBORA;ARGENTINSKA ULICA 5;956;394;394;389;5;285;104
21;GRAD ZAGREB;grad;GRAD ZAGREB;480;GAJNICE;CENTAR ZA KULTURU I OBRAZOVANJE SUSEDGRAD-DVORANA;ARGENTINSKA ULICA 5;987;447;447;438;9;323;115
21;GRAD ZAGREB;grad;GRAD ZAGREB;481;GAJNICE;PODRUÈNI URED SUSEDGRAD;SIGETJE 2;1298;624;624;612;12;436;176
21;GRAD ZAGREB;grad;GRAD ZAGREB;482;GORNJE VRAPÈE;OŠ GORNJE VRAPÈE;VRAPÈANSKA ULICA 188;1276;518;518;507;11;344;163
21;GRAD ZAGREB;grad;GRAD ZAGREB;483;GORNJE VRAPÈE;OŠ GORNJE VRAPÈE;VRAPÈANSKA ULICA 188;1250;507;507;500;7;345;155
21;GRAD ZAGREB;grad;GRAD ZAGREB;484;GORNJE VRAPÈE;OŠ GORNJE VRAPÈE;VRAPÈANSKA ULICA 188;1236;500;500;494;6;327;167
21;GRAD ZAGREB;grad;GRAD ZAGREB;485;GORNJI STENJEVEC;PROSTORIJE MJESNOG ODBORA;DUBRAVICA 109A;1498;652;652;636;16;442;194
21;GRAD ZAGREB;grad;GRAD ZAGREB;486;GORNJI STENJEVEC;PROSTORIJE MJESNOG ODBORA;DUBRAVICA 109A;1414;580;580;573;7;383;190
21;GRAD ZAGREB;grad;GRAD ZAGREB;487;PERJAVICA-BORÈEC;OŠ STENJEVEC;BOLNIÈKA CESTA 92;1553;673;673;654;19;438;216
21;GRAD ZAGREB;grad;GRAD ZAGREB;488;PERJAVICA-BORÈEC;OŠ DRAGUTINA TADIJANOVIÆA;BOLNIÈKA CESTA 60A;1229;594;594;580;14;403;177
21;GRAD ZAGREB;grad;GRAD ZAGREB;489;PERJAVICA-BORÈEC;OŠ DRAGUTINA TADIJANOVIÆA;BOLNIÈKA CESTA 60A;1260;611;611;597;14;479;118
21;GRAD ZAGREB;grad;GRAD ZAGREB;490;PERJAVICA-BORÈEC;OŠ DRAGUTINA TADIJANOVIÆA;BOLNIÈKA CESTA 60A;1297;606;606;589;17;400;189
21;GRAD ZAGREB;grad;GRAD ZAGREB;491;PERJAVICA-BORÈEC;PROSTORIJE MJESNOG ODBORA;MEDPOTOKI 32;1166;488;488;475;13;353;122
21;GRAD ZAGREB;grad;GRAD ZAGREB;492;PERJAVICA-BORÈEC;PROSTORIJE MJESNOG ODBORA;MEDPOTOKI 32;1035;438;438;432;6;277;155
21;GRAD ZAGREB;grad;GRAD ZAGREB;493;PODSUSED;PROSTORIJE MJESNOG ODBORA;DUBRAVICA 109A;622;201;201;201;0;140;61
21;GRAD ZAGREB;grad;GRAD ZAGREB;494;PODSUSED;PROSTORIJE MJESNOG ODBORA;DOMSKA ULICA 1;498;188;188;186;2;96;90
21;GRAD ZAGREB;grad;GRAD ZAGREB;495;PODSUSED;OŠ BANA JOSIPA JELAÈIÆA;PODGRADSKI ODVOJAK 1;1058;481;481;478;3;311;167
21;GRAD ZAGREB;grad;GRAD ZAGREB;496;PODSUSED;OŠ BANA JOSIPA JELAÈIÆA;PODGRADSKI ODVOJAK 1;1066;433;433;424;9;309;115
21;GRAD ZAGREB;grad;GRAD ZAGREB;497;PODSUSED;OŠ BANA JOSIPA JELAÈIÆA;PODGRADSKI ODVOJAK 1;1097;419;419;404;15;274;130
21;GRAD ZAGREB;grad;GRAD ZAGREB;498;PODSUSED;OŠ BANA JOSIPA JELAÈIÆA;PODGRADSKI ODVOJAK 1;1091;497;497;486;11;350;136
21;GRAD ZAGREB;grad;GRAD ZAGREB;499;STENJEVEC-SJEVER;PROSTORIJE MJESNOG ODBORA;CRNOJEZERSKA ULICA 20;1419;664;664;655;9;413;242
21;GRAD ZAGREB;grad;GRAD ZAGREB;500;STENJEVEC-SJEVER;PROSTORIJE MJESNOG ODBORA;CRNOJEZERSKA ULICA 20;1405;569;569;556;13;404;152
21;GRAD ZAGREB;grad;GRAD ZAGREB;501;STENJEVEC-SJEVER;PROSTORIJE MJESNOG ODBORA;ULICA KERESTINEÈKIH ŽRTAVA 31;1459;646;646;636;10;451;185
21;GRAD ZAGREB;grad;GRAD ZAGREB;502;STENJEVEC-SJEVER;PROSTORIJE MJESNOG ODBORA;ULICA KERESTINEÈKIH ŽRTAVA 31;1441;669;669;653;16;456;197
21;GRAD ZAGREB;grad;GRAD ZAGREB;503;VRAPÈE CENTAR;OŠ GROFA JANKA DRAŠKOVIÆA;VRAPÈANSKA ULICA 7;1372;562;562;553;9;382;171
21;GRAD ZAGREB;grad;GRAD ZAGREB;504;VRAPÈE CENTAR;OŠ GROFA JANKA DRAŠKOVIÆA;VRAPÈANSKA ULICA 7;1328;524;523;514;9;324;190
21;GRAD ZAGREB;grad;GRAD ZAGREB;505;VRAPÈE CENTAR;OŠ GROFA JANKA DRAŠKOVIÆA;VRAPÈANSKA ULICA 7;1337;564;564;553;11;395;158
21;GRAD ZAGREB;grad;GRAD ZAGREB;506;VRAPÈE CENTAR;OŠ GROFA JANKA DRAŠKOVIÆA;VRAPÈANSKA ULICA 7;1357;580;580;568;12;359;209
21;GRAD ZAGREB;grad;GRAD ZAGREB;507;VRAPÈE CENTAR;OŠ GROFA JANKA DRAŠKOVIÆA;VRAPÈANSKA ULICA 7;1355;573;573;567;6;393;174
21;GRAD ZAGREB;grad;GRAD ZAGREB;508;GRAÈANI;OŠ GRAÈANI;GRAÈANI 4A;1353;685;685;672;13;358;314
21;GRAD ZAGREB;grad;GRAD ZAGREB;509;GRAÈANI;OŠ GRAÈANI;GRAÈANI 4A;1353;662;661;641;20;369;272
21;GRAD ZAGREB;grad;GRAD ZAGREB;510;GRAÈANI;OŠ GRAÈANI;GRAÈANI 4A;1354;633;633;623;10;293;330
21;GRAD ZAGREB;grad;GRAD ZAGREB;511;GRAÈANI;OŠ GRAÈANI;GRAÈANI 4A;1372;643;643;634;9;349;285
21;GRAD ZAGREB;grad;GRAD ZAGREB;512;MARKUŠEVEC;OŠ MARKUŠEVEC;MARKUŠEVEÈKA CESTA 160;1333;601;601;578;23;302;276
21;GRAD ZAGREB;grad;GRAD ZAGREB;513;MARKUŠEVEC;OŠ MARKUŠEVEC;MARKUŠEVEÈKA CESTA 160;1319;555;555;542;13;278;264
21;GRAD ZAGREB;grad;GRAD ZAGREB;514;MARKUŠEVEC;OŠ MARKUŠEVEC;MARKUŠEVEÈKA CESTA 160;1327;587;587;571;16;288;283
21;GRAD ZAGREB;grad;GRAD ZAGREB;515;MARKUŠEVEC;OŠ MARKUŠEVEC, PODRUÈNA ŠKOLA BAÈUN;MARKUŠEVEÈKA CESTA 38;736;321;321;313;8;143;170
21;GRAD ZAGREB;grad;GRAD ZAGREB;516;MARKUŠEVEC;DRUŠTVENI DOM BIDROVEC;BIDROVEÈKA CESTA 30;904;444;443;432;11;218;214
21;GRAD ZAGREB;grad;GRAD ZAGREB;517;MLINOVI;PROSTORIJE MJESNOG ODBORA;JAHORINSKA ULICA 5;801;410;410;402;8;245;157
21;GRAD ZAGREB;grad;GRAD ZAGREB;518;MLINOVI;PROSTORIJE MJESNOG ODBORA;JAHORINSKA ULICA 5;845;437;437;429;8;279;150
21;GRAD ZAGREB;grad;GRAD ZAGREB;519;ŠESTINE;PROSTORIJE MJESNOG ODBORA;ŠESTINSKI TRG 10;1521;708;708;692;16;449;243
21;GRAD ZAGREB;grad;GRAD ZAGREB;520;ŠESTINE;PROSTORIJE MJESNOG ODBORA;ŠESTINSKI TRG 10;1490;732;732;710;22;445;265
21;GRAD ZAGREB;grad;GRAD ZAGREB;521;VIDOVEC;OŠ MARKUŠEVEC - PODRUÈNA ŠKOLA VIDOVEC;VIDOVEC 51;930;417;417;404;13;188;216
21;GRAD ZAGREB;grad;GRAD ZAGREB;522;ADAMOVEC;PROSTORIJE MJESNOG ODBORA;ULICA KNEZA ADAMA 1;729;270;270;262;8;151;111
21;GRAD ZAGREB;grad;GRAD ZAGREB;523;BELOVAR;VATROGASNI DOM BELOVAR;VARAŽDINSKA ULICA 36;414;155;155;152;3;69;83
21;GRAD ZAGREB;grad;GRAD ZAGREB;524;BLAGUŠA;VATROGASNI DOM;BLAGUŠKA ULICA 63;535;198;198;195;3;131;64
21;GRAD ZAGREB;grad;GRAD ZAGREB;525;BUDENEC;PROSTORIJE MJESNOG ODBORA;BUDENEÈKA CESTA 20A;350;127;127;117;10;56;61
21;GRAD ZAGREB;grad;GRAD ZAGREB;526;CENTAR;PODRUÈNI URED SESVETE;TRG DRAGUTINA DOMJANIÆA 4;1263;477;477;466;11;280;186
21;GRAD ZAGREB;grad;GRAD ZAGREB;527;CERJE-SESVETE;OŠ SESVETSKI KRALJEVEC - PODRUÈNA ŠKOLA CERJE;PODOLNICA 8;358;165;165;161;4;88;73
21;GRAD ZAGREB;grad;GRAD ZAGREB;528;DOBRODOL;PROSTORIJE MJESNOG ODBORA;DOBRODOLSKA CESTA 24;1423;588;587;571;16;305;266
21;GRAD ZAGREB;grad;GRAD ZAGREB;529;DRENÈEC;PROSTORIJE MJESNOG ODBORA;ULICA SLOBODE 8;122;47;47;47;0;18;29
21;GRAD ZAGREB;grad;GRAD ZAGREB;530;DUMOVEC;PROSTORIJE MJESNOG ODBORA;ULICA VINKA SEDINIÆA 30A;884;316;316;311;5;124;187
21;GRAD ZAGREB;grad;GRAD ZAGREB;531;ÐURÐEKOVEC;PROSTORIJE MJESNOG ODBORA;GLAVNA CESTA 35A;636;231;231;225;6;128;97
21;GRAD ZAGREB;grad;GRAD ZAGREB;532;GAJEC;PROSTORIJE MJESNOG ODBORA;ULICA STJEPANA VOJNOVIÆA 22;277;107;107;101;6;48;53
21;GRAD ZAGREB;grad;GRAD ZAGREB;533;GAJIŠÆE;OŠ SESVETE;ULICA IVANA GORANA KOVAÈIÆA 19;1256;561;561;550;11;242;308
21;GRAD ZAGREB;grad;GRAD ZAGREB;534;GAJIŠÆE;OŠ SESVETE;ULICA IVANA GORANA KOVAÈIÆA 19;1253;511;511;502;9;222;280
21;GRAD ZAGREB;grad;GRAD ZAGREB;535;GAJIŠÆE;OŠ SESVETE;ULICA IVANA GORANA KOVAÈIÆA 19;1221;497;497;491;6;272;219
21;GRAD ZAGREB;grad;GRAD ZAGREB;536;GAJIŠÆE;OŠ SESVETE;ULICA IVANA GORANA KOVAÈIÆA 19;1262;590;590;580;10;273;307
21;GRAD ZAGREB;grad;GRAD ZAGREB;537;GAJIŠÆE;OŠ SESVETE;ULICA IVANA GORANA KOVAÈIÆA 19;1270;503;502;491;11;243;248
21;GRAD ZAGREB;grad;GRAD ZAGREB;538;GAJIŠÆE;OŠ SESVETE;ULICA IVANA GORANA KOVAÈIÆA 19;1291;585;585;578;7;281;297
21;GRAD ZAGREB;grad;GRAD ZAGREB;539;GLAVNICA DONJA;OŠ IVANA GRANÐE - PODRUÈNA ŠKOLA GLAVNICA DONJA;GLAVNIÈKA CESTA 26;563;207;207;200;7;111;89
21;GRAD ZAGREB;grad;GRAD ZAGREB;540;GLAVNICA GORNJA;PROSTORIJE MJESNOG ODBORA;GAJEVA ULICA 60;215;79;79;76;3;35;41
21;GRAD ZAGREB;grad;GRAD ZAGREB;541;GLAVNIÈICA;PROSTORIJE MJESNOG ODBORA;GLAVNIÈICA 6;172;72;72;70;2;41;29
21;GRAD ZAGREB;grad;GRAD ZAGREB;542;GORANEC;PROSTORIJE MJESNOG ODBORA;KAMENŠÈICA 4;352;135;135;131;4;79;52
21;GRAD ZAGREB;grad;GRAD ZAGREB;543;JELKOVEC;PROSTORIJE MJESNOG ODBORA;FILIPOVIÆEVA ULICA 2;1138;432;431;412;19;182;230
21;GRAD ZAGREB;grad;GRAD ZAGREB;544;JESENOVEC;PROSTORIJE MJESNOG ODBORA;JESENOVEÈKA CESTA 31;348;100;100;95;5;42;53
21;GRAD ZAGREB;grad;GRAD ZAGREB;545;KAŠINA;PROSTORIJE MJESNOG ODBORA;CESTA IVANA MAŽURANIÆA 47;870;348;348;334;14;217;117
21;GRAD ZAGREB;grad;GRAD ZAGREB;546;KAŠINA;VATROGASNI DOM;CESTA IVANA MAŽURANIÆA 152;466;179;179;175;4;109;66
21;GRAD ZAGREB;grad;GRAD ZAGREB;547;KAŠINSKA SOPNICA;PROSTORIJE MJESNOG ODBORA;RUMAŠÈICA 5;204;83;83;78;5;33;45
21;GRAD ZAGREB;grad;GRAD ZAGREB;548;KOBILJAK;VATROGASNI DOM;KOBILJAÈKA CESTA 75;1408;511;511;495;16;214;281
21;GRAD ZAGREB;grad;GRAD ZAGREB;549;KOBILJAK;VATROGASNI DOM;KOBILJAÈKA CESTA 75;1413;502;502;491;11;265;226
21;GRAD ZAGREB;grad;GRAD ZAGREB;550;KRALJEVEÈKI NOVAKI;PROSTORIJE MJESNOG ODBORA;MESCI 24;2301;871;862;840;22;377;463
21;GRAD ZAGREB;grad;GRAD ZAGREB;551;KUÈILOVINA;PROSTORIJE MJESNOG ODBORA;KUÈILOVEÈKA CESTA 52;193;85;85;82;3;51;31
21;GRAD ZAGREB;grad;GRAD ZAGREB;552;LUKA;OŠ LUKA-GLAVNI ULAZ;ULICA OTONA IVEKOVIÆA 16;1244;508;508;499;9;301;198
21;GRAD ZAGREB;grad;GRAD ZAGREB;553;LUKA;OŠ LUKA-GLAVNI ULAZ;ULICA OTONA IVEKOVIÆA 16;1257;532;532;511;21;309;202
21;GRAD ZAGREB;grad;GRAD ZAGREB;554;LUŽAN;PROSTORIJE MJESNOG ODBORA;ULICA AUGUSTA ŠENOE 46;617;252;252;247;5;115;132
21;GRAD ZAGREB;grad;GRAD ZAGREB;555;MORAVÈE;PROSTORIJE MJESNOG ODBORA;PRIGORSKA ULICA 80;579;169;169;163;6;82;81
21;GRAD ZAGREB;grad;GRAD ZAGREB;556;NOVI JELKOVEC;OŠ JELKOVEC;ULICA DRAGANA PLAMENCA 1;1167;445;445;427;18;204;223
21;GRAD ZAGREB;grad;GRAD ZAGREB;557;NOVI JELKOVEC;OŠ JELKOVEC;ULICA DRAGANA PLAMENCA 1;1163;426;426;418;8;200;218
21;GRAD ZAGREB;grad;GRAD ZAGREB;558;NOVI JELKOVEC;OŠ JELKOVEC;ULICA DRAGANA PLAMENCA 1;1189;458;458;439;19;222;217
21;GRAD ZAGREB;grad;GRAD ZAGREB;559;NOVI JELKOVEC;OŠ JELKOVEC;ULICA DRAGANA PLAMENCA 1;1220;525;525;512;13;264;248
21;GRAD ZAGREB;grad;GRAD ZAGREB;560;NOVI JELKOVEC;OŠ JELKOVEC;ULICA DRAGANA PLAMENCA 1;1207;503;503;495;8;236;259
21;GRAD ZAGREB;grad;GRAD ZAGREB;561;NOVO BRESTJE;OŠ BRESTJE;ULICA POTOÈNICA 8;1019;466;466;461;5;243;218
21;GRAD ZAGREB;grad;GRAD ZAGREB;562;NOVO BRESTJE;OŠ BRESTJE;ULICA POTOÈNICA 8;1020;474;474;463;11;244;219
21;GRAD ZAGREB;grad;GRAD ZAGREB;563;NOVO BRESTJE;OŠ BRESTJE;ULICA POTOÈNICA 8;1019;425;425;412;13;188;224
21;GRAD ZAGREB;grad;GRAD ZAGREB;564;PARUŽEVINA;PROSTORIJE MJESNOG ODBORA;PARUŽEVINSKA CESTA 34;583;212;212;204;8;118;86
21;GRAD ZAGREB;grad;GRAD ZAGREB;565;PLANINA DONJA;OŠ VUGROVEC - KAŠINA - PODRUÈNA ŠKOLA PLANINA DONJA;ULICA 9. MAJA 4;492;160;160;155;5;104;51
21;GRAD ZAGREB;grad;GRAD ZAGREB;566;PLANINA GORNJA;PROSTORIJE MJESNOG ODBORA;SESVETSKA ULICA 19;191;88;88;85;3;66;19
21;GRAD ZAGREB;grad;GRAD ZAGREB;567;POPOVEC;PROSTORIJE MJESNOG ODBORA;STROSSMAYEROV TRG 1;902;347;347;333;14;181;152
21;GRAD ZAGREB;grad;GRAD ZAGREB;568;PREKVRŠJE;OŠ VUGROVEC - KAŠINA - PODRUÈNA ŠKOLA PREKVRŠJE;PRIGORSKA ULICA 69A;775;289;289;286;3;186;100
21;GRAD ZAGREB;grad;GRAD ZAGREB;569;PREPUŠTOVEC;PROSTORIJE MJESNOG ODBORA;GLAVNA ULICA 2;279;98;98;93;5;67;26
21;GRAD ZAGREB;grad;GRAD ZAGREB;570;SESVETSKA SELA;OŠ SESVETSKA SELA;LETNIÈKA ULICA 5;1420;548;548;532;16;177;355
21;GRAD ZAGREB;grad;GRAD ZAGREB;571;SESVETSKA SELA;OŠ SESVETSKA SELA;LETNIÈKA ULICA 5;1401;457;457;442;15;182;260
21;GRAD ZAGREB;grad;GRAD ZAGREB;572;SESVETSKA SELA;OŠ SESVETSKA SELA;LETNIÈKA ULICA 5;1414;542;542;538;4;224;314
21;GRAD ZAGREB;grad;GRAD ZAGREB;573;SESVETSKA SELNICA;PROSTORIJE MJESNOG ODBORA;SELNIÈKA ULICA 69;2024;682;682;670;12;188;482
21;GRAD ZAGREB;grad;GRAD ZAGREB;574;SESVETSKA SOPNICA;OŠ SESVETSKA SOPNICA;SOPNIÈKA ULICA 69;1337;458;458;444;14;243;201
21;GRAD ZAGREB;grad;GRAD ZAGREB;575;SESVETSKA SOPNICA;OŠ SESVETSKA SOPNICA;SOPNIÈKA ULICA 69;1400;520;520;510;10;213;297
21;GRAD ZAGREB;grad;GRAD ZAGREB;576;SESVETSKI KRALJEVEC;OŠ SESVETSKI KRALJEVEC;ŠKOLSKA ULICA 10;1237;453;453;438;15;133;305
21;GRAD ZAGREB;grad;GRAD ZAGREB;577;SESVETSKI KRALJEVEC;OŠ SESVETSKI KRALJEVEC;ŠKOLSKA ULICA 10;1320;447;447;444;3;185;259
21;GRAD ZAGREB;grad;GRAD ZAGREB;578;SESVETSKI KRALJEVEC;OŠ SESVETSKI KRALJEVEC;ŠKOLSKA ULICA 10;1262;442;442;440;2;195;245
21;GRAD ZAGREB;grad;GRAD ZAGREB;579;SESVETSKI KRALJEVEC;OŠ SESVETSKI KRALJEVEC;ŠKOLSKA ULICA 10;1327;513;513;503;10;267;236
21;GRAD ZAGREB;grad;GRAD ZAGREB;580;SESVETSKI KRALJEVEC;OŠ SESVETSKI KRALJEVEC;ŠKOLSKA ULICA 10;1221;349;349;338;11;134;204
21;GRAD ZAGREB;grad;GRAD ZAGREB;581;SOBLINEC;OŠ IVANA GRANÐE;SOBLINEÈKA ULICA 68;1049;423;423;409;14;211;198
21;GRAD ZAGREB;grad;GRAD ZAGREB;582;STARO BRESTJE;OŠ LUKA-SESVETE;ULICA OTONA IVEKOVIÆA 16 JUŽNI ULAZ;1065;478;478;466;12;233;233
21;GRAD ZAGREB;grad;GRAD ZAGREB;583;STARO BRESTJE;OŠ LUKA-SESVETE;ULICA OTONA IVEKOVIÆA 16 JUŽNI ULAZ;1032;428;428;420;8;190;230
21;GRAD ZAGREB;grad;GRAD ZAGREB;584;STARO BRESTJE;OŠ BRESTJE;ULICA POTOÈNICA 8;1326;549;549;538;11;228;310
21;GRAD ZAGREB;grad;GRAD ZAGREB;585;STARO BRESTJE;OŠ BRESTJE;ULICA POTOÈNICA 8;1373;658;658;646;12;288;358
21;GRAD ZAGREB;grad;GRAD ZAGREB;586;STARO BRESTJE;OŠ BRESTJE;ULICA POTOÈNICA 8;1368;520;520;508;12;219;289
21;GRAD ZAGREB;grad;GRAD ZAGREB;587;ŠAŠINOVEC;PROSTORIJE MJESNOG ODBORA;ULICA IVANA GRANÐE 58;574;205;205;198;7;117;81
21;GRAD ZAGREB;grad;GRAD ZAGREB;588;ŠIMUNÈEVEC;PROSTORIJE MJESNOG ODBORA;ŠIMUNÈEVEÈKA ULICA 12B;272;99;99;96;3;53;43
21;GRAD ZAGREB;grad;GRAD ZAGREB;589;VUGROVEC;PROSTORIJE MJESNOG ODBORA;ULICA AUGUSTA ŠENOE 51;1259;517;517;496;21;269;227
21;GRAD ZAGREB;grad;GRAD ZAGREB;590;VUGROVEC GORNJI;PROSTORIJE MJESNOG ODBORA;VUGROVEÈKA ULICA 33;301;129;129;122;7;76;46
21;GRAD ZAGREB;grad;GRAD ZAGREB;591;VURNOVEC;PROSTORIJE MJESNOG ODBORA;VURNOVEÈKA ULICA 11;185;79;79;77;2;48;29
21;GRAD ZAGREB;grad;GRAD ZAGREB;592;ŽERJAVINEC;PROSTORIJE MJESNOG ODBORA;ULICA LJUDEVITA GAJA 27;476;171;171;165;6;91;74
21;GRAD ZAGREB;grad;GRAD ZAGREB;593;BREZOVICA;OŠ BREZOVICA;BREZOVIÈKA CESTA 98A;1202;470;470;462;8;219;243
21;GRAD ZAGREB;grad;GRAD ZAGREB;594;BREZOVICA;OŠ BREZOVICA;BREZOVIÈKA CESTA 98A;1210;462;462;457;5;233;224
21;GRAD ZAGREB;grad;GRAD ZAGREB;595;BREZOVICA;OŠ BREZOVICA;BREZOVIÈKA CESTA 98A;1206;436;436;424;12;204;220
21;GRAD ZAGREB;grad;GRAD ZAGREB;596;DEMERJE;PROSTORIJE MJESNOG ODBORA;DEMERSKA ULICA 33;667;277;277;271;6;109;162
21;GRAD ZAGREB;grad;GRAD ZAGREB;597;DRAGONOŽEC;PROSTORIJE MJESNOG ODBORA;DONJODRAGONOŠKA CESTA 30;804;356;356;348;8;179;169
21;GRAD ZAGREB;grad;GRAD ZAGREB;598;HAVIDIÆI;PROSTORIJE MJESNOG ODBORA;KUTI 1;63;32;32;32;0;22;10
21;GRAD ZAGREB;grad;GRAD ZAGREB;599;HORVATI;PROSTORIJE MJESNOG ODBORA;HORVAÆANSKI TRG 2;1252;462;462;447;15;296;151
21;GRAD ZAGREB;grad;GRAD ZAGREB;600;KUPINEÈKI KRALJEVEC CENTAR;PROSTORIJE MJESNOG ODBORA;KRALJEVEÈKA CESTA 73;784;277;277;264;13;119;145
21;GRAD ZAGREB;grad;GRAD ZAGREB;601;KUPINEÈKI KRALJEVEC I;OŠ BREZOVICA - PODRUÈNA ŠKOLA KUPINEÈKI KRALJEVEC;KRALJEVEÈKI BRIJEGI 90;788;331;331;327;4;179;148
21;GRAD ZAGREB;grad;GRAD ZAGREB;602;KUPINEÈKI KRALJEVEC II;VATROGASNI DOM;MATIÈKI 27;279;100;100;94;6;45;49
21;GRAD ZAGREB;grad;GRAD ZAGREB;603;LIPNICA;VATROGASNI DOM LIPNICA;LIPNIÈKA CESTA 36;181;80;80;77;3;33;44
21;GRAD ZAGREB;grad;GRAD ZAGREB;604;ODRANSKI OBREŽ;PROSTORIJE MJESNOG ODBORA;OBREŠKA CESTA 117;1124;424;424;414;10;166;248
21;GRAD ZAGREB;grad;GRAD ZAGREB;605;ODRANSKI STRMEC;PROSTORIJE MJESNOG ODBORA;STRMEÈKA CESTA 57;510;193;193;190;3;74;116
21;GRAD ZAGREB;grad;GRAD ZAGREB;606;TRPUCI;PROSTORIJE MJESNOG ODBORA;TRPUÈANSKA CESTA 28;461;164;164;161;3;85;76
