Rbr.županije;Županija;Oznaka GROP;Grad/općina;Rbr BM;Naziv BM;Lokacija BM;Adresa BM;Ukupno birača;Glasovalo birača;Glasovalo birača (po listićima);Važeći listići;Nevažeći listići;IVAN RADIĆ;BERISLAV MLINAREVIĆ
14;OSJEČKO-BARANJSKA ŽUPANIJA;grad;OSIJEK;001;OSIJEK;DVD RETFALA;ULICA ŠÁNDORA PETÖFIA 1;1112;332;332;307;25;183;124
14;OSJEČKO-BARANJSKA ŽUPANIJA;grad;OSIJEK;002;OSIJEK;DVD RETFALA;ULICA ŠÁNDORA PETÖFIA 1;742;171;171;164;7;99;65
14;OSJEČKO-BARANJSKA ŽUPANIJA;grad;OSIJEK;003;OSIJEK;MAĐARSKO KULTURNO DRUŠTVO NEPKÖR;ULICA ŠÁNDORA PETÖFIA 76;725;213;213;207;6;117;90
14;OSJEČKO-BARANJSKA ŽUPANIJA;grad;OSIJEK;004;OSIJEK;"DJEČJI VRTIĆ ""SUNČICA""";KOLODVORSKA 61A;1066;346;346;333;13;200;133
14;OSJEČKO-BARANJSKA ŽUPANIJA;grad;OSIJEK;005;OSIJEK;"OSNOVNA ŠKOLA ""RETFALA""";KAPELSKA ULICA 51A;1107;349;349;339;10;190;149
14;OSJEČKO-BARANJSKA ŽUPANIJA;grad;OSIJEK;006;OSIJEK;"OSNOVNA ŠKOLA ""RETFALA""";KAPELSKA ULICA 51A;910;321;321;314;7;189;125
14;OSJEČKO-BARANJSKA ŽUPANIJA;grad;OSIJEK;007;OSIJEK;OSNOVNA ŠKOLA IVANA FILIPOVIĆA;KALNIČKA 48;995;253;253;238;15;132;106
14;OSJEČKO-BARANJSKA ŽUPANIJA;grad;OSIJEK;008;OSIJEK;OSNOVNA ŠKOLA IVANA FILIPOVIĆA;KALNIČKA 48;904;272;272;261;11;164;97
14;OSJEČKO-BARANJSKA ŽUPANIJA;grad;OSIJEK;009;OSIJEK;OSNOVNA ŠKOLA IVANA FILIPOVIĆA;KALNIČKA 48;905;242;242;231;11;137;94
14;OSJEČKO-BARANJSKA ŽUPANIJA;grad;OSIJEK;010;OSIJEK;GRADSKA ČETVRT RETFALA;ULICA LJUDEVITA POSAVSKOG 14A;708;219;219;210;9;139;71
14;OSJEČKO-BARANJSKA ŽUPANIJA;grad;OSIJEK;011;OSIJEK;GRADSKA ČETVRT RETFALA;ŠOKAČKA ULICA 1;714;238;238;222;16;144;78
14;OSJEČKO-BARANJSKA ŽUPANIJA;grad;OSIJEK;012;OSIJEK;GRADSKA ČETVRT RETFALA;JOSIPA JURJA STROSSMAYERA 200;775;202;202;195;7;111;84
14;OSJEČKO-BARANJSKA ŽUPANIJA;grad;OSIJEK;013;OSIJEK;GRADSKA ČETVRT RETFALA;JOSIPA JURJA STROSSMAYERA 200;661;157;157;151;6;92;59
14;OSJEČKO-BARANJSKA ŽUPANIJA;grad;OSIJEK;014;OSIJEK;OSNOVNA ŠKOLA VLADIMIRA BECIĆA;VIJENAC AUGUSTA CESARCA 36;1147;354;354;326;28;205;121
14;OSJEČKO-BARANJSKA ŽUPANIJA;grad;OSIJEK;015;OSIJEK;OSNOVNA ŠKOLA VLADIMIRA BECIĆA;VIJENAC AUGUSTA CESARCA 36;717;257;257;241;16;156;85
14;OSJEČKO-BARANJSKA ŽUPANIJA;grad;OSIJEK;016;OSIJEK;GRADSKA ČETVRT GORNJI GRAD;JOSIPA JURJA STROSSMAYERA 68;963;321;321;304;17;182;122
14;OSJEČKO-BARANJSKA ŽUPANIJA;grad;OSIJEK;017;OSIJEK;GRADSKA ČETVRT GORNJI GRAD;ULICA ANDRIJE HEBRANGA 32;818;255;255;246;9;159;87
14;OSJEČKO-BARANJSKA ŽUPANIJA;grad;OSIJEK;018;OSIJEK;GRADSKA ČETVRT GORNJI GRAD;ULICA ANDRIJE HEBRANGA 32;504;134;134;124;10;84;40
14;OSJEČKO-BARANJSKA ŽUPANIJA;grad;OSIJEK;019;OSIJEK;GRADSKA ČETVRT GORNJI GRAD;ULICA ANDRIJE HEBRANGA 32;619;175;175;166;9;86;80
14;OSJEČKO-BARANJSKA ŽUPANIJA;grad;OSIJEK;020;OSIJEK;GRADSKA ČETVRT GORNJI GRAD;ULICA ANDRIJE HEBRANGA 32;807;222;222;208;14;117;91
14;OSJEČKO-BARANJSKA ŽUPANIJA;grad;OSIJEK;021;OSIJEK;ZDRAVSTVENA STANICA DRAVA;PROLAZ JOSIPA LEOVIĆA 4;943;292;292;275;17;164;111
14;OSJEČKO-BARANJSKA ŽUPANIJA;grad;OSIJEK;022;OSIJEK;VATROGASNI DOM;ULICA PAVLA PEJAČEVIĆA 44;743;252;252;239;13;176;63
14;OSJEČKO-BARANJSKA ŽUPANIJA;grad;OSIJEK;023;OSIJEK;GRADSKA ČETVRT GORNJI GRAD;ULICA ADOLFA WALDINGERA 11;863;307;307;284;23;172;112
14;OSJEČKO-BARANJSKA ŽUPANIJA;grad;OSIJEK;024;OSIJEK;GRADSKA ČETVRT GORNJI GRAD;ULICA ADOLFA WALDINGERA 11;1008;310;310;287;23;178;109
14;OSJEČKO-BARANJSKA ŽUPANIJA;grad;OSIJEK;025;OSIJEK;OSNOVNA ŠKOLA SVETE ANE;ULICA SV. ANE 2;1003;298;298;284;14;166;118
14;OSJEČKO-BARANJSKA ŽUPANIJA;grad;OSIJEK;026;OSIJEK;GRADSKA ČETVRT GORNJI GRAD;TRG LAVA MIRSKOG 1;534;163;163;151;12;87;64
14;OSJEČKO-BARANJSKA ŽUPANIJA;grad;OSIJEK;027;OSIJEK;GRADSKA ČETVRT GORNJI GRAD;TRG LAVA MIRSKOG 1;682;186;181;165;16;106;59
14;OSJEČKO-BARANJSKA ŽUPANIJA;grad;OSIJEK;028;OSIJEK;OSNOVNA ŠKOLA FRANJE KREŽME;ŠKOLSKA 3;432;133;133;118;15;67;51
14;OSJEČKO-BARANJSKA ŽUPANIJA;grad;OSIJEK;029;OSIJEK;OSNOVNA ŠKOLA ANTUNA MIHANOVIĆA;IVANA GUNDULIĆA 5;802;218;218;202;16;124;78
14;OSJEČKO-BARANJSKA ŽUPANIJA;grad;OSIJEK;030;OSIJEK;SPORTSKA DVORANA ZRINJEVAC;SJEVERNA STRANA;934;283;283;266;17;166;100
14;OSJEČKO-BARANJSKA ŽUPANIJA;grad;OSIJEK;031;OSIJEK;SPORTSKA DVORANA ZRINJEVAC;SJEVERNA STRANA;463;117;117;110;7;44;66
14;OSJEČKO-BARANJSKA ŽUPANIJA;grad;OSIJEK;032;OSIJEK;"OSNOVNA ŠKOLA ""DOBRIŠA CESARIĆ""";NERETVANSKA 10;631;171;171;161;10;96;65
14;OSJEČKO-BARANJSKA ŽUPANIJA;grad;OSIJEK;033;OSIJEK;"OSNOVNA ŠKOLA ""DOBRIŠA CESARIĆ""";NERETVANSKA 10;505;146;146;136;10;89;47
14;OSJEČKO-BARANJSKA ŽUPANIJA;grad;OSIJEK;034;OSIJEK;GRADSKA ČETVRT INDUSTRIJSKA ČETVRT;VIJENAC KRALJEVE SUTJESKE 2;687;225;225;212;13;137;75
14;OSJEČKO-BARANJSKA ŽUPANIJA;grad;OSIJEK;035;OSIJEK;"OSNOVNA ŠKOLA ""AUGUST ŠENOA""";DRINSKA 14;571;177;177;170;7;104;66
14;OSJEČKO-BARANJSKA ŽUPANIJA;grad;OSIJEK;036;OSIJEK;"DJEČJI VRTIĆ ""PČELICA""";GACKA 1A;607;190;190;185;5;124;61
14;OSJEČKO-BARANJSKA ŽUPANIJA;grad;OSIJEK;037;OSIJEK;GRADSKA ČETVRT INDUSTRIJSKA ČETVRT, DVORAC MAČKAMAMA;DRINSKA 2;513;157;157;154;3;97;57
14;OSJEČKO-BARANJSKA ŽUPANIJA;grad;OSIJEK;038;OSIJEK;"PROSTORIJA UHDDR, TEMELJNI OGRANAK ""FILIPOVICA""";BEDNJANSKA ULICA BB;646;216;216;205;11;129;76
14;OSJEČKO-BARANJSKA ŽUPANIJA;grad;OSIJEK;039;OSIJEK;"DJEČJI VRTIĆ ""PČELICA""";GACKA 1A;1006;302;302;288;14;203;85
14;OSJEČKO-BARANJSKA ŽUPANIJA;grad;OSIJEK;040;OSIJEK;"OSNOVNA ŠKOLA ""AUGUST ŠENOA""";DRINSKA 14;1109;349;349;331;18;203;128
14;OSJEČKO-BARANJSKA ŽUPANIJA;grad;OSIJEK;041;OSIJEK;GRADSKA ČETVRT TVRĐA;TRG FRANJE BARUNA TRENKA 3;718;241;241;218;23;128;90
14;OSJEČKO-BARANJSKA ŽUPANIJA;grad;OSIJEK;042;OSIJEK;GRADSKA ČETVRT TVRĐA;TRG FRANJE BARUNA TRENKA 3;698;220;220;202;18;113;89
14;OSJEČKO-BARANJSKA ŽUPANIJA;grad;OSIJEK;043;OSIJEK;ELEKTROTEHNIČKA I PROMETNA ŠKOLA OSIJEK;ISTARSKA 3;703;218;218;195;23;118;77
14;OSJEČKO-BARANJSKA ŽUPANIJA;grad;OSIJEK;044;OSIJEK;II.GIMNAZIJA OSIJEK;ULICA KAMILA FIRINGERA 5;301;85;85;74;11;37;37
14;OSJEČKO-BARANJSKA ŽUPANIJA;grad;OSIJEK;045;OSIJEK;GRADSKA ČETVRT TVRĐA;VIJENAC IVANA MEŠTROVIĆA 26F;900;292;292;270;22;156;114
14;OSJEČKO-BARANJSKA ŽUPANIJA;grad;OSIJEK;046;OSIJEK;GRADSKA ČETVRT TVRĐA;VIJENAC IVANA MEŠTROVIĆA 26F;714;216;216;202;14;113;89
14;OSJEČKO-BARANJSKA ŽUPANIJA;grad;OSIJEK;047;OSIJEK;OSNOVNA ŠKOLA VIJENAC;VIJENAC IVANA MEŠTROVIĆA 36;478;132;132;120;12;72;48
14;OSJEČKO-BARANJSKA ŽUPANIJA;grad;OSIJEK;048;OSIJEK;OSNOVNA ŠKOLA VIJENAC;VIJENAC IVANA MEŠTROVIĆA 36;531;145;145;136;9;89;47
14;OSJEČKO-BARANJSKA ŽUPANIJA;grad;OSIJEK;049;OSIJEK;"DJEČJI VRTIĆ ""STRIBOR""";VIJENAC IVANA MEŠTROVIĆA 7A;710;217;217;211;6;115;96
14;OSJEČKO-BARANJSKA ŽUPANIJA;grad;OSIJEK;050;OSIJEK;VATROGASNI CENTAR OSIJEK;ULICA IVANA GORANA KOVAČIĆA 2;682;185;185;174;11;108;66
14;OSJEČKO-BARANJSKA ŽUPANIJA;grad;OSIJEK;051;OSIJEK;OSNOVNA ŠKOLA FRANA KRSTE FRANKOPANA;FRANKOPANSKA 64;497;170;170;165;5;86;79
14;OSJEČKO-BARANJSKA ŽUPANIJA;grad;OSIJEK;052;OSIJEK;OSNOVNA ŠKOLA FRANA KRSTE FRANKOPANA;MARTINA DIVALTA 53;1119;289;289;279;10;155;124
14;OSJEČKO-BARANJSKA ŽUPANIJA;grad;OSIJEK;053;OSIJEK;"DJEČJI VRTIĆ ""JABUKA""";VIJENAC IVANA ČESMIČKOG 7A;433;105;105;100;5;62;38
14;OSJEČKO-BARANJSKA ŽUPANIJA;grad;OSIJEK;054;OSIJEK;"OSNOVNA ŠKOLA ""MLADOST""";SJENJAK 7;1075;399;399;372;27;231;141
14;OSJEČKO-BARANJSKA ŽUPANIJA;grad;OSIJEK;055;OSIJEK;"OSNOVNA ŠKOLA ""MLADOST""";SJENJAK 7;988;290;290;259;31;155;104
14;OSJEČKO-BARANJSKA ŽUPANIJA;grad;OSIJEK;056;OSIJEK;GRADSKA ČETVRT NOVI GRAD;SJENJAK 133;542;177;177;169;8;86;83
14;OSJEČKO-BARANJSKA ŽUPANIJA;grad;OSIJEK;057;OSIJEK;GRADSKA ČETVRT NOVI GRAD;SJENJAK 133;591;166;166;154;12;116;38
14;OSJEČKO-BARANJSKA ŽUPANIJA;grad;OSIJEK;058;OSIJEK;GRADSKA ČETVRT NOVI GRAD;SJENJAK 133;819;277;277;252;25;155;97
14;OSJEČKO-BARANJSKA ŽUPANIJA;grad;OSIJEK;059;OSIJEK;GRADSKA ČETVRT NOVI GRAD;UICA KRALJA PETRA SVAČIĆA 36;667;197;197;184;13;111;73
14;OSJEČKO-BARANJSKA ŽUPANIJA;grad;OSIJEK;060;OSIJEK;GRADSKA ČETVRT NOVI GRAD;ULICA KRALJA PETRA SVAČIĆA 36;686;206;206;187;19;120;67
14;OSJEČKO-BARANJSKA ŽUPANIJA;grad;OSIJEK;061;OSIJEK;GRADSKA ČETVRT NOVI GRAD;ULICA KRALJA PETRA SVAČIĆA 36;1160;302;302;283;19;165;118
14;OSJEČKO-BARANJSKA ŽUPANIJA;grad;OSIJEK;062;OSIJEK;GRADSKA ČETVRT NOVI GRAD;ULICA KRALJA PETRA SVAČIĆA 36;633;195;195;179;16;108;71
14;OSJEČKO-BARANJSKA ŽUPANIJA;grad;OSIJEK;063;OSIJEK;GRADSKA ČETVRT NOVI GRAD;ULICA KRALJA PETRA SVAČIĆA 36;565;169;169;165;4;101;64
14;OSJEČKO-BARANJSKA ŽUPANIJA;grad;OSIJEK;064;OSIJEK;GRADSKA ČETVRT NOVI GRAD;ULICA KRALJA PETRA SVAČIĆA 36;1043;301;301;298;3;187;111
14;OSJEČKO-BARANJSKA ŽUPANIJA;grad;OSIJEK;065;OSIJEK;"OSNOVNA ŠKOLA ""GRIGOR VITEZ""";KORČULANSKA 1;780;189;189;183;6;100;83
14;OSJEČKO-BARANJSKA ŽUPANIJA;grad;OSIJEK;066;OSIJEK;"OSNOVNA ŠKOLA ""GRIGOR VITEZ""";KORČULANSKA 1;903;301;301;294;7;195;99
14;OSJEČKO-BARANJSKA ŽUPANIJA;grad;OSIJEK;067;OSIJEK;GRADSKA ČETVRT JUG II;SRIJEMSKA ULICA 124B;477;126;126;122;4;78;44
14;OSJEČKO-BARANJSKA ŽUPANIJA;grad;OSIJEK;068;OSIJEK;GRADSKA ČETVRT JUG II;SRIJEMSKA ULICA 124B;719;268;268;258;10;187;71
14;OSJEČKO-BARANJSKA ŽUPANIJA;grad;OSIJEK;069;OSIJEK;GRADSKA ČETVRT JUG II;SRIJEMSKA ULICA 124B;784;195;195;189;6;122;67
14;OSJEČKO-BARANJSKA ŽUPANIJA;grad;OSIJEK;070;OSIJEK;"DJEČJI VRTIĆ ""MASLAČAK""";VELALUŠKA BB;972;319;317;303;14;197;106
14;OSJEČKO-BARANJSKA ŽUPANIJA;grad;OSIJEK;071;OSIJEK;"DJEČJI VRTIĆ ""NEVIČICA""";OPATIJSKA BB;640;147;147;137;10;89;48
14;OSJEČKO-BARANJSKA ŽUPANIJA;grad;OSIJEK;072;OSIJEK;DOM SINDIKATA TVORNICE ŠEĆERA;FRANKOPANSKA 99;755;211;211;204;7;122;82
14;OSJEČKO-BARANJSKA ŽUPANIJA;grad;OSIJEK;073;OSIJEK;DOM SINDIKATA TVORNICE ŠEĆERA;FRANKOPANSKA 99;759;239;239;231;8;144;87
14;OSJEČKO-BARANJSKA ŽUPANIJA;grad;OSIJEK;074;OSIJEK;DOM SINDIKATA TVORNICE ŠEĆERA;FRANKOPANSKA 99;762;220;220;215;5;145;70
14;OSJEČKO-BARANJSKA ŽUPANIJA;grad;OSIJEK;075;OSIJEK;GRADSKA ČETVRT JUG II;KAŠTELANSKA 42B;781;214;213;198;15;144;54
14;OSJEČKO-BARANJSKA ŽUPANIJA;grad;OSIJEK;076;OSIJEK;"OSNOVNA ŠKOLA ""TIN UJEVIĆ""";OPATIJSKA 46;891;253;253;239;14;150;89
14;OSJEČKO-BARANJSKA ŽUPANIJA;grad;OSIJEK;077;OSIJEK;"OSNOVNA ŠKOLA ""TIN UJEVIĆ""";OPATIJSKA 46;552;150;150;148;2;88;60
14;OSJEČKO-BARANJSKA ŽUPANIJA;grad;OSIJEK;078;OSIJEK;"OSNOVNA ŠKOLA ""TIN UJEVIĆ""";OPATIJSKA 46;639;176;176;167;9;106;61
14;OSJEČKO-BARANJSKA ŽUPANIJA;grad;OSIJEK;079;OSIJEK;OBRTNIČKA ŠKOLA OSIJEK;TRG BANA JOSIPA JELAČIĆA 24;891;259;259;239;20;150;89
14;OSJEČKO-BARANJSKA ŽUPANIJA;grad;OSIJEK;080;OSIJEK;GRADSKA ČETVRT DONJI GRAD;TRG BANA JOSIPA JELAČIĆA 25;854;242;242;223;19;142;81
14;OSJEČKO-BARANJSKA ŽUPANIJA;grad;OSIJEK;081;OSIJEK;OSNOVNA ŠKOLA JAGODE TRUHELKE;CRKVENA ULICA 23;871;275;275;258;17;155;103
14;OSJEČKO-BARANJSKA ŽUPANIJA;grad;OSIJEK;082;OSIJEK;OSNOVNA ŠKOLA JAGODE TRUHELKE;CRKVENA ULICA 23;760;219;219;211;8;136;75
14;OSJEČKO-BARANJSKA ŽUPANIJA;grad;OSIJEK;083;OSIJEK;OSNOVNA ŠKOLA JAGODE TRUHELKE;CRKVENA ULICA 23;915;235;235;225;10;145;80
14;OSJEČKO-BARANJSKA ŽUPANIJA;grad;OSIJEK;084;OSIJEK;GRADSKA ČETVRT DONJI GRAD;KRSTOVA ULICA 97B;649;213;213;203;10;129;74
14;OSJEČKO-BARANJSKA ŽUPANIJA;grad;OSIJEK;085;OSIJEK;GRADSKA ČETVRT DONJI GRAD;KRSTOVA ULICA 97B;586;196;196;184;12;120;64
14;OSJEČKO-BARANJSKA ŽUPANIJA;grad;OSIJEK;086;OSIJEK;OSNOVNA ŠKOLA LJUDEVITA GAJA;KRSTOVA ULICA 99;644;167;167;158;9;102;56
14;OSJEČKO-BARANJSKA ŽUPANIJA;grad;OSIJEK;087;OSIJEK;OSNOVNA ŠKOLA LJUDEVITA GAJA;KRSTOVA ULICA 99;678;168;166;159;7;114;45
14;OSJEČKO-BARANJSKA ŽUPANIJA;grad;OSIJEK;088;OSIJEK;GRADSKA ČETVRT DONJI GRAD;ZELENO POLJE 5;853;200;200;188;12;117;71
14;OSJEČKO-BARANJSKA ŽUPANIJA;grad;OSIJEK;089;OSIJEK;GRADSKA ČETVRT DONJI GRAD;ZELENO POLJE 5;963;228;228;222;6;135;87
14;OSJEČKO-BARANJSKA ŽUPANIJA;grad;OSIJEK;090;JOSIPOVAC;OSNOVNA ŠKOLA JOSIPOVAC;OSJEČKA 77A;827;219;219;212;7;161;51
14;OSJEČKO-BARANJSKA ŽUPANIJA;grad;OSIJEK;091;JOSIPOVAC;OSNOVNA ŠKOLA JOSIPOVAC;OSJEČKA 77A;1029;327;327;321;6;235;86
14;OSJEČKO-BARANJSKA ŽUPANIJA;grad;OSIJEK;092;JOSIPOVAC;HRVATSKI DOM JOSIPOVAC;OSJEČKA 66;668;224;224;222;2;131;91
14;OSJEČKO-BARANJSKA ŽUPANIJA;grad;OSIJEK;093;JOSIPOVAC;HRVATSKI DOM JOSIPOVAC;OSJEČKA 66;887;257;257;250;7;139;111
14;OSJEČKO-BARANJSKA ŽUPANIJA;grad;OSIJEK;094;VIŠNJEVAC;MJESNI ODBOR VIŠNJEVAC;ULICA J.J. STROSSMAYERA 2;996;287;287;280;7;191;89
14;OSJEČKO-BARANJSKA ŽUPANIJA;grad;OSIJEK;095;VIŠNJEVAC;MJESNI ODBOR VIŠNJEVAC;ULICA J.J. STROSSMAYERA 2;829;227;227;221;6;132;89
14;OSJEČKO-BARANJSKA ŽUPANIJA;grad;OSIJEK;096;VIŠNJEVAC;MJESNI ODBOR VIŠNJEVAC;ULICA J.J. STROSSMAYERA 2;874;249;249;246;3;157;89
14;OSJEČKO-BARANJSKA ŽUPANIJA;grad;OSIJEK;097;VIŠNJEVAC;OSNOVNA ŠKOLA VIŠNJEVAC;CRNI PUT 41;804;234;234;225;9;152;73
14;OSJEČKO-BARANJSKA ŽUPANIJA;grad;OSIJEK;098;VIŠNJEVAC;OSNOVNA ŠKOLA VIŠNJEVAC;CRNI PUT 41;668;200;200;194;6;130;64
14;OSJEČKO-BARANJSKA ŽUPANIJA;grad;OSIJEK;099;VIŠNJEVAC;OSNOVNA ŠKOLA VIŠNJEVAC;CRNI PUT 41;800;230;230;225;5;149;76
14;OSJEČKO-BARANJSKA ŽUPANIJA;grad;OSIJEK;100;VIŠNJEVAC;OSNOVNA ŠKOLA VIŠNJEVAC;CRNI PUT 41;581;149;148;143;5;87;56
14;OSJEČKO-BARANJSKA ŽUPANIJA;grad;OSIJEK;101;BRIJEŠĆE;OSNOVNA ŠKOLA CVJETNO;ZELENA ULICA 1;514;125;125;124;1;77;47
14;OSJEČKO-BARANJSKA ŽUPANIJA;grad;OSIJEK;102;BRIJEŠĆE;OSNOVNA ŠKOLA CVJETNO;ZELENA ULICA 1;674;139;139;137;2;100;37
14;OSJEČKO-BARANJSKA ŽUPANIJA;grad;OSIJEK;103;OSIJEK;MJESNO ODBOR CVJETNO;VIJENAC LIPA 36;783;240;240;232;8;145;87
14;OSJEČKO-BARANJSKA ŽUPANIJA;grad;OSIJEK;104;OSIJEK;MJESNO ODBOR CVJETNO;VIJENAC LIPA 36;737;247;247;243;4;170;73
14;OSJEČKO-BARANJSKA ŽUPANIJA;grad;OSIJEK;105;BRIJEST;MJESNI ODBOR BRIJEST;JUŽNO PREDGRAĐE 54;959;297;297;292;5;208;84
14;OSJEČKO-BARANJSKA ŽUPANIJA;grad;OSIJEK;106;PODRAVLJE;MJESNI ODBOR OSIJEK - LIJEVA OBALA;ULICA PRINCA EUGENA SAVOJSKOG 38;493;208;208;204;4;120;84
14;OSJEČKO-BARANJSKA ŽUPANIJA;grad;OSIJEK;107;TENJA;HRVATSKI DOM TENJA;ULICA SVETE ANE 1E;746;203;203;200;3;128;72
14;OSJEČKO-BARANJSKA ŽUPANIJA;grad;OSIJEK;108;TENJA;HRVATSKI DOM TENJA;ULICA SVETE ANE 1E;808;244;244;242;2;153;89
14;OSJEČKO-BARANJSKA ŽUPANIJA;grad;OSIJEK;109;TENJA;HRVATSKI DOM TENJA;ULICA SVETE ANE 1E;685;201;201;199;2;144;55
14;OSJEČKO-BARANJSKA ŽUPANIJA;grad;OSIJEK;110;TENJA;HRVATSKI DOM TENJA;ULICA SVETE ANE 1E;698;210;210;202;8;136;66
14;OSJEČKO-BARANJSKA ŽUPANIJA;grad;OSIJEK;111;TENJA;HRVATSKI DOM TENJA;ULICA SVETE ANE 1E;1092;262;262;255;7;176;79
14;OSJEČKO-BARANJSKA ŽUPANIJA;grad;OSIJEK;112;TENJA;HRVATSKI DOM TENJA;ULICA SVETE ANE 1E;972;128;128;125;3;78;47
14;OSJEČKO-BARANJSKA ŽUPANIJA;grad;OSIJEK;113;TENJA;HRVATSKI DOM TENJA;ULICA SVETE ANE 1E;1022;146;146;137;9;88;49
14;OSJEČKO-BARANJSKA ŽUPANIJA;grad;OSIJEK;114;KLISA;MJESNI ODBOR KLISA;VUKOVARSKA ULICA 48;231;31;31;29;2;16;13
14;OSJEČKO-BARANJSKA ŽUPANIJA;grad;OSIJEK;115;SARVAŠ;MJESNI ODBOR SARVAŠ;OSJEČKA ULICA 64;810;232;232;227;5;160;67
14;OSJEČKO-BARANJSKA ŽUPANIJA;grad;OSIJEK;116;SARVAŠ;MJESNI ODBOR SARVAŠ;OSJEČKA ULICA 64;740;192;192;184;8;121;63
14;OSJEČKO-BARANJSKA ŽUPANIJA;grad;OSIJEK;117;TVRĐAVICA;PROSTOR ŽELJKE BARIŠIĆ;TVRĐAVICA 84;494;189;189;180;9;125;55
