Rbr.županije;Županija;Oznaka GROP;Grad/opæina;Rbr BM;Naziv BM;Lokacija BM;Adresa BM;Ukupno biraèa;Glasovalo biraèa;Glasovalo biraèa (po listiæima);Važeæi listiæi;Nevažeæi listiæi;STJEPAN KOVAÈ;LJERKA CIVIDINI
20;MEÐIMURSKA ŽUPANIJA;grad;ÈAKOVEC;001;ÈAKOVEC;"ZGRADA DJEÈJEG VRTIÆA ""BAMBI""";ULICA BANA JOSIPA JELAÈIÆA 25;1119;437;437;433;4;185;248
20;MEÐIMURSKA ŽUPANIJA;grad;ÈAKOVEC;002;ÈAKOVEC;I. OSNOVNA ŠKOLA;ULICA KRALJA TOMISLAVA 43;707;331;331;327;4;74;253
20;MEÐIMURSKA ŽUPANIJA;grad;ÈAKOVEC;003;ÈAKOVEC;ZGRADA GRADSKE UPRAVE;ULICA KRALJA TOMISLAVA 15;715;263;263;254;9;99;155
20;MEÐIMURSKA ŽUPANIJA;grad;ÈAKOVEC;004;ÈAKOVEC;ZGRADA MEÐIMURSKE ŽUPANIJE - RESTORAN;ULICA RUÐERA BOŠKOVIÆA 2;527;247;247;246;1;99;147
20;MEÐIMURSKA ŽUPANIJA;grad;ÈAKOVEC;005;ÈAKOVEC;ZGRADA DOMA AMATERA;ULICA STJEPANA RADIÆA 1;945;420;419;416;3;130;286
20;MEÐIMURSKA ŽUPANIJA;grad;ÈAKOVEC;006;ÈAKOVEC;DVORANA UDRUŽENJA OBRTNIKA MEÐIMURSKE ŽUPANIJE;PARK RUDOLFA KROPEKA 1;463;215;215;210;5;60;150
20;MEÐIMURSKA ŽUPANIJA;grad;ÈAKOVEC;007;ÈAKOVEC;"ZGRADA GIMNASTIÈKOG DRUŠTVA  ""MARIJAN ZADRAVEC-MACAN""";TOME MASARYKA 24;578;263;263;261;2;93;168
20;MEÐIMURSKA ŽUPANIJA;grad;ÈAKOVEC;008;ÈAKOVEC;"ZGRADA DJEÈJEG VRTIÆA ""VJEVERICA""";ULICA ZAVNOH-A 24A;721;376;376;371;5;110;261
20;MEÐIMURSKA ŽUPANIJA;grad;ÈAKOVEC;009;ÈAKOVEC;ZGRADA GIMNAZIJE - UÈIONICA A;ULICA VLADIMIRA NAZORA 34;330;153;153;152;1;43;109
20;MEÐIMURSKA ŽUPANIJA;grad;ÈAKOVEC;010;ÈAKOVEC;ZGRADA III. OSNOVNE ŠKOLE;ULICA IVANA PL. ZAJCA 24;846;353;353;346;7;129;217
20;MEÐIMURSKA ŽUPANIJA;grad;ÈAKOVEC;011;ÈAKOVEC;ZGRADA GIMNAZIJE - UÈIONICA B;ULICA VLADIMIRA NAZORA 34;621;272;272;270;2;109;161
20;MEÐIMURSKA ŽUPANIJA;grad;ÈAKOVEC;012;ÈAKOVEC;ZGRADA GRADITELJSKE ŠKOLE;ŠPORTSKA ULICA 1;745;369;369;366;3;157;209
20;MEÐIMURSKA ŽUPANIJA;grad;ÈAKOVEC;013;ÈAKOVEC;ZGRADA ŽELJEZNIÈKOG KOLODVORA;KOLODVORSKA ULICA 2;912;384;384;382;2;114;268
20;MEÐIMURSKA ŽUPANIJA;grad;ÈAKOVEC;014;ÈAKOVEC;"ZGRADA DJEÈJEG VRTIÆA - ""MASLAÈAK"" MARTANE";ULICA JOSIPA BEDEKOVIÆA 22;627;284;284;282;2;109;173
20;MEÐIMURSKA ŽUPANIJA;grad;ÈAKOVEC;015;ÈAKOVEC;ZGRADA VATROGASNOG DOMA PUTJANE;ULICA PUTJANE 65;460;177;177;176;1;86;90
20;MEÐIMURSKA ŽUPANIJA;grad;ÈAKOVEC;016;ÈAKOVEC;"PROSTORIJA NK ""SLOGA""";ULICA MIHOVILA PAVLEKA MIŠKINE 2;1034;393;393;387;6;155;232
20;MEÐIMURSKA ŽUPANIJA;grad;ÈAKOVEC;017;ÈAKOVEC;ZGRADA II. OSNOVNE ŠKOLE - UÈIONICA A;TRG PAPE IVANA PAVLA II. 1;687;289;289;287;2;109;178
20;MEÐIMURSKA ŽUPANIJA;grad;ÈAKOVEC;018;ÈAKOVEC;ZGRADA II. OSNOVNE ŠKOLE - UÈIONICA B;TRG PAPE IVANA PAVLA II. 1;1185;537;537;530;7;182;348
20;MEÐIMURSKA ŽUPANIJA;grad;ÈAKOVEC;019;IVANOVEC;ZGRADA DOMA KULTURE;ZAGREBAÈKA 30;1030;273;273;271;2;117;154
20;MEÐIMURSKA ŽUPANIJA;grad;ÈAKOVEC;020;IVANOVEC;ZGRADA VATROGASNOG DOMA GORNJI VIDOVEC - IVANOVEC;ULICA GORNJI VIDOVEC 10;731;251;251;247;4;92;155
20;MEÐIMURSKA ŽUPANIJA;grad;ÈAKOVEC;021;MIHOVLJAN;ZGRADA DRUŠTVENOG  DOMA;PRVOMAJSKA ULICA 92;1237;527;527;523;4;165;358
20;MEÐIMURSKA ŽUPANIJA;grad;ÈAKOVEC;022;NOVO SELO ROK;ZGRADA DRUŠTVENOG DOMA;MARŠALA TITA 49;1234;426;426;420;6;248;172
20;MEÐIMURSKA ŽUPANIJA;grad;ÈAKOVEC;023;KRIŠTANOVEC;ZGRADA DRUŠTVENOG DOMA;KRIŠTANOVEC 122A;529;208;208;207;1;71;136
20;MEÐIMURSKA ŽUPANIJA;grad;ÈAKOVEC;024;MAÈKOVEC;ZGRADA DRUŠTVENOG DOMA;TRG SV. PETRA I PAVLA 2;1113;492;492;490;2;254;236
20;MEÐIMURSKA ŽUPANIJA;grad;ÈAKOVEC;025;SLEMENICE;ZGRADA DRUŠTVENOG DOMA;SLEMENICE 10D;206;91;91;91;0;33;58
20;MEÐIMURSKA ŽUPANIJA;grad;ÈAKOVEC;026;ŽIŠKOVEC;ZGRADA DRUŠTVENOG DOMA;ŽIŠKOVEC 3B;449;171;171;169;2;97;72
20;MEÐIMURSKA ŽUPANIJA;grad;ÈAKOVEC;027;KURŠANEC;ZGRADA DRUŠTVENOG DOMA;GLAVNA ULICA 104;449;137;136;134;2;70;64
20;MEÐIMURSKA ŽUPANIJA;grad;ÈAKOVEC;028;KURŠANEC;ROMSKI OBITELJSKI CENTAR;VARAŽDINSKA 2;684;426;426;425;1;420;5
20;MEÐIMURSKA ŽUPANIJA;grad;ÈAKOVEC;029;NOVO SELO NA DRAVI;ZGRADA DRUŠTVENOG DOMA;PRVOMAJSKA ULICA 12;502;162;162;160;2;96;64
20;MEÐIMURSKA ŽUPANIJA;grad;ÈAKOVEC;030;SAVSKA VES;ZGRADA DRUŠTVENOG DOMA;J.BAJKOVCA 93A;1085;451;451;450;1;193;257
20;MEÐIMURSKA ŽUPANIJA;grad;ÈAKOVEC;031;ŠANDOROVEC;ZGRADA DRUŠTVENOG DOMA;ULICA VLADIMIRA NAZORA 2;279;115;115;115;0;72;43
20;MEÐIMURSKA ŽUPANIJA;grad;ÈAKOVEC;032;TOTOVEC;ZGRADA DRUŠTVENOG DOMA;ULICA DR. VLADIMIRA BAKARIÆA 35;418;130;130;127;3;53;74
20;MEÐIMURSKA ŽUPANIJA;grad;ÈAKOVEC;033;ŠTEFANEC;ZGRADA VIŠENAMJENSKE DVORANE;ULICA NIKOLE TESLE 1A;595;236;236;233;3;117;116
