Rbr.županije;Županija;Oznaka GROP;Grad/općina;Rbr BM;Naziv BM;Lokacija BM;Adresa BM;Ukupno birača;Glasovalo birača;Glasovalo birača (po listićima);Važeći listići;Nevažeći listići;STJEPAN KOVAČ;LJERKA CIVIDINI
20;MEĐIMURSKA ŽUPANIJA;grad;ČAKOVEC;001;ČAKOVEC;"ZGRADA DJEČJEG VRTIĆA ""BAMBI""";ULICA BANA JOSIPA JELAČIĆA 25;1119;437;437;433;4;185;248
20;MEĐIMURSKA ŽUPANIJA;grad;ČAKOVEC;002;ČAKOVEC;I. OSNOVNA ŠKOLA;ULICA KRALJA TOMISLAVA 43;707;331;331;327;4;74;253
20;MEĐIMURSKA ŽUPANIJA;grad;ČAKOVEC;003;ČAKOVEC;ZGRADA GRADSKE UPRAVE;ULICA KRALJA TOMISLAVA 15;715;263;263;254;9;99;155
20;MEĐIMURSKA ŽUPANIJA;grad;ČAKOVEC;004;ČAKOVEC;ZGRADA MEĐIMURSKE ŽUPANIJE - RESTORAN;ULICA RUĐERA BOŠKOVIĆA 2;527;247;247;246;1;99;147
20;MEĐIMURSKA ŽUPANIJA;grad;ČAKOVEC;005;ČAKOVEC;ZGRADA DOMA AMATERA;ULICA STJEPANA RADIĆA 1;945;420;419;416;3;130;286
20;MEĐIMURSKA ŽUPANIJA;grad;ČAKOVEC;006;ČAKOVEC;DVORANA UDRUŽENJA OBRTNIKA MEĐIMURSKE ŽUPANIJE;PARK RUDOLFA KROPEKA 1;463;215;215;210;5;60;150
20;MEĐIMURSKA ŽUPANIJA;grad;ČAKOVEC;007;ČAKOVEC;"ZGRADA GIMNASTIČKOG DRUŠTVA  ""MARIJAN ZADRAVEC-MACAN""";TOME MASARYKA 24;578;263;263;261;2;93;168
20;MEĐIMURSKA ŽUPANIJA;grad;ČAKOVEC;008;ČAKOVEC;"ZGRADA DJEČJEG VRTIĆA ""VJEVERICA""";ULICA ZAVNOH-A 24A;721;376;376;371;5;110;261
20;MEĐIMURSKA ŽUPANIJA;grad;ČAKOVEC;009;ČAKOVEC;ZGRADA GIMNAZIJE - UČIONICA A;ULICA VLADIMIRA NAZORA 34;330;153;153;152;1;43;109
20;MEĐIMURSKA ŽUPANIJA;grad;ČAKOVEC;010;ČAKOVEC;ZGRADA III. OSNOVNE ŠKOLE;ULICA IVANA PL. ZAJCA 24;846;353;353;346;7;129;217
20;MEĐIMURSKA ŽUPANIJA;grad;ČAKOVEC;011;ČAKOVEC;ZGRADA GIMNAZIJE - UČIONICA B;ULICA VLADIMIRA NAZORA 34;621;272;272;270;2;109;161
20;MEĐIMURSKA ŽUPANIJA;grad;ČAKOVEC;012;ČAKOVEC;ZGRADA GRADITELJSKE ŠKOLE;ŠPORTSKA ULICA 1;745;369;369;366;3;157;209
20;MEĐIMURSKA ŽUPANIJA;grad;ČAKOVEC;013;ČAKOVEC;ZGRADA ŽELJEZNIČKOG KOLODVORA;KOLODVORSKA ULICA 2;912;384;384;382;2;114;268
20;MEĐIMURSKA ŽUPANIJA;grad;ČAKOVEC;014;ČAKOVEC;"ZGRADA DJEČJEG VRTIĆA - ""MASLAČAK"" MARTANE";ULICA JOSIPA BEDEKOVIĆA 22;627;284;284;282;2;109;173
20;MEĐIMURSKA ŽUPANIJA;grad;ČAKOVEC;015;ČAKOVEC;ZGRADA VATROGASNOG DOMA PUTJANE;ULICA PUTJANE 65;460;177;177;176;1;86;90
20;MEĐIMURSKA ŽUPANIJA;grad;ČAKOVEC;016;ČAKOVEC;"PROSTORIJA NK ""SLOGA""";ULICA MIHOVILA PAVLEKA MIŠKINE 2;1034;393;393;387;6;155;232
20;MEĐIMURSKA ŽUPANIJA;grad;ČAKOVEC;017;ČAKOVEC;ZGRADA II. OSNOVNE ŠKOLE - UČIONICA A;TRG PAPE IVANA PAVLA II. 1;687;289;289;287;2;109;178
20;MEĐIMURSKA ŽUPANIJA;grad;ČAKOVEC;018;ČAKOVEC;ZGRADA II. OSNOVNE ŠKOLE - UČIONICA B;TRG PAPE IVANA PAVLA II. 1;1185;537;537;530;7;182;348
20;MEĐIMURSKA ŽUPANIJA;grad;ČAKOVEC;019;IVANOVEC;ZGRADA DOMA KULTURE;ZAGREBAČKA 30;1030;273;273;271;2;117;154
20;MEĐIMURSKA ŽUPANIJA;grad;ČAKOVEC;020;IVANOVEC;ZGRADA VATROGASNOG DOMA GORNJI VIDOVEC - IVANOVEC;ULICA GORNJI VIDOVEC 10;731;251;251;247;4;92;155
20;MEĐIMURSKA ŽUPANIJA;grad;ČAKOVEC;021;MIHOVLJAN;ZGRADA DRUŠTVENOG  DOMA;PRVOMAJSKA ULICA 92;1237;527;527;523;4;165;358
20;MEĐIMURSKA ŽUPANIJA;grad;ČAKOVEC;022;NOVO SELO ROK;ZGRADA DRUŠTVENOG DOMA;MARŠALA TITA 49;1234;426;426;420;6;248;172
20;MEĐIMURSKA ŽUPANIJA;grad;ČAKOVEC;023;KRIŠTANOVEC;ZGRADA DRUŠTVENOG DOMA;KRIŠTANOVEC 122A;529;208;208;207;1;71;136
20;MEĐIMURSKA ŽUPANIJA;grad;ČAKOVEC;024;MAČKOVEC;ZGRADA DRUŠTVENOG DOMA;TRG SV. PETRA I PAVLA 2;1113;492;492;490;2;254;236
20;MEĐIMURSKA ŽUPANIJA;grad;ČAKOVEC;025;SLEMENICE;ZGRADA DRUŠTVENOG DOMA;SLEMENICE 10D;206;91;91;91;0;33;58
20;MEĐIMURSKA ŽUPANIJA;grad;ČAKOVEC;026;ŽIŠKOVEC;ZGRADA DRUŠTVENOG DOMA;ŽIŠKOVEC 3B;449;171;171;169;2;97;72
20;MEĐIMURSKA ŽUPANIJA;grad;ČAKOVEC;027;KURŠANEC;ZGRADA DRUŠTVENOG DOMA;GLAVNA ULICA 104;449;137;136;134;2;70;64
20;MEĐIMURSKA ŽUPANIJA;grad;ČAKOVEC;028;KURŠANEC;ROMSKI OBITELJSKI CENTAR;VARAŽDINSKA 2;684;426;426;425;1;420;5
20;MEĐIMURSKA ŽUPANIJA;grad;ČAKOVEC;029;NOVO SELO NA DRAVI;ZGRADA DRUŠTVENOG DOMA;PRVOMAJSKA ULICA 12;502;162;162;160;2;96;64
20;MEĐIMURSKA ŽUPANIJA;grad;ČAKOVEC;030;SAVSKA VES;ZGRADA DRUŠTVENOG DOMA;J.BAJKOVCA 93A;1085;451;451;450;1;193;257
20;MEĐIMURSKA ŽUPANIJA;grad;ČAKOVEC;031;ŠANDOROVEC;ZGRADA DRUŠTVENOG DOMA;ULICA VLADIMIRA NAZORA 2;279;115;115;115;0;72;43
20;MEĐIMURSKA ŽUPANIJA;grad;ČAKOVEC;032;TOTOVEC;ZGRADA DRUŠTVENOG DOMA;ULICA DR. VLADIMIRA BAKARIĆA 35;418;130;130;127;3;53;74
20;MEĐIMURSKA ŽUPANIJA;grad;ČAKOVEC;033;ŠTEFANEC;ZGRADA VIŠENAMJENSKE DVORANE;ULICA NIKOLE TESLE 1A;595;236;236;233;3;117;116
