Rbr.županije;Županija;Oznaka GROP;Grad/općina;Rbr BM;Naziv BM;Lokacija BM;Adresa BM;Ukupno birača;Glasovalo birača;Glasovalo birača (po listićima);Važeći listići;Nevažeći listići;BLAŽENKO BOBAN;RANKO OSTOJIĆ
17;SPLITSKO-DALMATINSKA ŽUPANIJA;grad;HVAR;001;HVAR;ARSENAL;HVAR, OBALA RIVA 1;1045;576;576;554;22;222;332
17;SPLITSKO-DALMATINSKA ŽUPANIJA;grad;HVAR;002;HVAR;ARSENAL;HVAR, OBALA RIVA 1;882;470;470;451;19;200;251
17;SPLITSKO-DALMATINSKA ŽUPANIJA;grad;HVAR;003;HVAR;OSNOVNA ŠKOLA;HVAR, ULICA KROZ BURAK 81;1750;780;780;738;42;365;373
17;SPLITSKO-DALMATINSKA ŽUPANIJA;grad;HVAR;004;MILNA;DOM SV. TEODORA;MILNA BB;136;92;92;90;2;46;44
17;SPLITSKO-DALMATINSKA ŽUPANIJA;grad;HVAR;005;BRUSJE;MJESNI ODBOR;BRUSJE, MOLA BONDA 3;178;87;87;85;2;40;45
17;SPLITSKO-DALMATINSKA ŽUPANIJA;grad;HVAR;006;SV. NEDJELJA;POLJOPRIVREDNA ZADRUGA;SV. NEDJELJA, PJACA DON ANTE MEŽNARA 2;180;77;77;73;4;48;25
17;SPLITSKO-DALMATINSKA ŽUPANIJA;grad;IMOTSKI;001;IMOTSKI;"OŠ ""STJEPAN RADIĆ""";IMOTSKI;1349;696;692;652;40;557;95
17;SPLITSKO-DALMATINSKA ŽUPANIJA;grad;IMOTSKI;002;IMOTSKI;"OŠ ""STJEPAN RADIĆ""";IMOTSKI;1382;655;654;598;56;487;111
17;SPLITSKO-DALMATINSKA ŽUPANIJA;grad;IMOTSKI;003;IMOTSKI;"OŠ ""STJEPAN RADIĆ""";IMOTSKI;1737;897;897;806;91;663;143
17;SPLITSKO-DALMATINSKA ŽUPANIJA;grad;IMOTSKI;004;VINJANI GORNJI;"OŠ ""KUKAVICE""";VINJANI GORNJI;624;284;284;263;21;219;44
17;SPLITSKO-DALMATINSKA ŽUPANIJA;grad;IMOTSKI;005;VINJANI GORNJI;"OŠ ""KUTLEŠA""";VINJANI GORNJI;285;122;122;113;9;100;13
17;SPLITSKO-DALMATINSKA ŽUPANIJA;grad;IMOTSKI;006;VINJANI GORNJI;"OŠ ""LONČARI""";VINJANI GORNJI;298;132;132;124;8;109;15
17;SPLITSKO-DALMATINSKA ŽUPANIJA;grad;IMOTSKI;007;VINJANI DONJI;OŠ DONJI VINJANI (NOVA ŠKOLA);VINJANI DONJI;1460;804;804;741;63;585;156
17;SPLITSKO-DALMATINSKA ŽUPANIJA;grad;IMOTSKI;008;VINJANI DONJI;DVORANA KOD SV. ROKA;VINJANI DONJI;279;135;135;132;3;124;8
17;SPLITSKO-DALMATINSKA ŽUPANIJA;grad;IMOTSKI;009;GLAVINA DONJA;OŠ  GLAVINA DONJA  (NOVA ŠKOLA);GLAVINA DONJA;1492;823;823;783;40;606;177
17;SPLITSKO-DALMATINSKA ŽUPANIJA;grad;KAŠTELA;001;BIRAČKO MJESTO 1. KAŠTEL SUĆURAC;"KINO ""SV. JURAJ""";DR. A.ALFIREVIĆA 20;1160;179;179;172;7;118;54
17;SPLITSKO-DALMATINSKA ŽUPANIJA;grad;KAŠTELA;002;BIRAČKO MJESTO 2. KAŠTEL SUĆURAC;MJESNI ODBOR;DR. A.ALFIREVIĆA 20;1062;217;217;209;8;115;94
17;SPLITSKO-DALMATINSKA ŽUPANIJA;grad;KAŠTELA;003;BIRAČKO MJESTO 3. KAŠTEL SUĆURAC;"OŠ ""KNEZ MISLAV""";BRAĆE RADIĆ 6;2413;390;390;374;16;270;104
17;SPLITSKO-DALMATINSKA ŽUPANIJA;grad;KAŠTELA;004;BIRAČKO MJESTO 4. KAŠTEL SUĆURAC;"UDRUGA ""PUTALJ"" (STARA ŠKOLA)";MATICE HRVATSKE 1;1232;234;234;225;9;137;88
17;SPLITSKO-DALMATINSKA ŽUPANIJA;grad;KAŠTELA;005;BIRAČKO MJESTO 5. KAŠTEL GOMILICA;MJESNI ODBOR;CESTA DR. FRANJE TUĐMANA 434A;1442;270;270;264;6;182;82
17;SPLITSKO-DALMATINSKA ŽUPANIJA;grad;KAŠTELA;006;BIRAČKO MJESTO 6. KAŠTEL GOMILICA;"Š.C. ""GOŠK ADRIACHEM""";A.B. ŠIMIĆA 21;1399;259;259;247;12;187;60
17;SPLITSKO-DALMATINSKA ŽUPANIJA;grad;KAŠTELA;007;BIRAČKO MJESTO 7.  KAŠTEL GOMILICA;"Š.C. ""GOŠK ADRIACHEM""";A.B. ŠIMIĆA 21;1569;270;270;261;9;189;72
17;SPLITSKO-DALMATINSKA ŽUPANIJA;grad;KAŠTELA;008;BIRAČKO MJESTO 8. KAŠTEL KAMBELOVAC;PROSTORIJE BRATSKE KUĆE;BRCE 23;1620;324;324;311;13;228;83
17;SPLITSKO-DALMATINSKA ŽUPANIJA;grad;KAŠTELA;009;BIRAČKO MJESTO 9. KAŠTEL KAMBELOVAC;PROSTORIJE BRATSKE KUĆE;BRCE 23;1629;267;267;255;12;184;71
17;SPLITSKO-DALMATINSKA ŽUPANIJA;grad;KAŠTELA;010;BIRAČKO MJESTO 10. KAŠTEL KAMBELOVAC;"PROSTORIJE BRATSKE KUĆE - UDRUGA UMIROVLJENIKA ""LAŽANI""";BRCE 23;1475;258;258;249;9;191;58
17;SPLITSKO-DALMATINSKA ŽUPANIJA;grad;KAŠTELA;011;BIRAČKO MJESTO 11. KAŠTEL LUKŠIĆ;"OŠ ""OSTROG""";PUT SV.LOVRE 2;1445;242;242;231;11;180;51
17;SPLITSKO-DALMATINSKA ŽUPANIJA;grad;KAŠTELA;012;BIRAČKO MJESTO 12. KAŠTEL LUKŠIĆ;"OŠ ""OSTROG""";PUT SV. LOVRE 2;1307;202;202;197;5;135;62
17;SPLITSKO-DALMATINSKA ŽUPANIJA;grad;KAŠTELA;013;BIRAČKO MJESTO 13. KAŠTEL LUKŠIĆ;DVORAC VITTURI;BRCE 5;2331;340;337;331;6;230;101
17;SPLITSKO-DALMATINSKA ŽUPANIJA;grad;KAŠTELA;014;BIRAČKO MJESTO 14. KAŠTEL STARI;"OŠ. ""PROF. FILIP LUKAS""";SLAVONSKA 5;2566;444;444;433;11;324;109
17;SPLITSKO-DALMATINSKA ŽUPANIJA;grad;KAŠTELA;015;BIRAČKO MJESTO 15. KAŠTEL STARI;VATROGASNI DOM;IVANA DANILA 19;1673;287;286;274;12;175;99
17;SPLITSKO-DALMATINSKA ŽUPANIJA;grad;KAŠTELA;016;BIRAČKO MJESTO 16. KAŠTEL STARI;"DJEČJI VRTIĆ ""VIŠNJICA""";RADUN, VELE NJIVE 1;2295;327;327;318;9;275;43
17;SPLITSKO-DALMATINSKA ŽUPANIJA;grad;KAŠTELA;017;BIRAČKO MJESTO 17. KAŠTEL NOVI;GIMNAZIJA;POLINOVAC 8;2232;337;337;324;13;234;90
17;SPLITSKO-DALMATINSKA ŽUPANIJA;grad;KAŠTELA;018;BIRAČKO MJESTO 18. KAŠTEL NOVI;GIMNAZIJA;POLINOVAC 8;2107;315;315;308;7;222;86
17;SPLITSKO-DALMATINSKA ŽUPANIJA;grad;KAŠTELA;019;BIRAČKO MJESTO 19. KAŠTEL NOVI;MJESNI ODBOR RUDINE;PUT MIRA 14;1988;343;343;321;22;267;54
17;SPLITSKO-DALMATINSKA ŽUPANIJA;grad;KAŠTELA;020;BIRAČKO MJESTO 20. KAŠTEL ŠTAFILIĆ;"POLJOPRIVREDNA ŠKOLA ""BRAĆE RADIĆ""";PUT POLJOPRIVREDNIKA 5;1496;217;217;214;3;152;62
17;SPLITSKO-DALMATINSKA ŽUPANIJA;grad;KAŠTELA;021;BIRAČKO MJESTO 21. KAŠTEL ŠTAFILIĆ;POLJOPRIVREDNA ŠKOLA BRAĆE RADIĆ;PUT POLJOPRIVREDNIKA 5;1563;254;254;251;3;153;98
17;SPLITSKO-DALMATINSKA ŽUPANIJA;grad;KOMIŽA;001;KOMIŽA;GALERIJA BORISA MARDEŠIĆA;HRVATSKIH MUČENIKA 9;736;141;141;137;4;54;83
17;SPLITSKO-DALMATINSKA ŽUPANIJA;grad;KOMIŽA;002;KOMIŽA;"GRADSKA KNJIŽNICA ""RANKO MARINKOVIĆ""";KOMIŠKIH ISELJENIKA 1, KOMIŽA;712;122;122;121;1;55;66
17;SPLITSKO-DALMATINSKA ŽUPANIJA;grad;KOMIŽA;003;PODŠPILJE;"OSNOVNA ŠKOLA ""PODŠPILJE""";PODŠPILJE;129;26;26;24;2;8;16
17;SPLITSKO-DALMATINSKA ŽUPANIJA;grad;MAKARSKA;001;BIRAČKO MJESTO BR. 1;OŠ PETRA PERICE - MAKARSKA;ZELENKA BB, SOBA BR. I;2100;958;958;920;38;474;446
17;SPLITSKO-DALMATINSKA ŽUPANIJA;grad;MAKARSKA;002;BIRAČKO MJESTO BR. 2;DJEČJI VRTIĆ;DR. M. UJEVIĆA 5;2043;908;908;876;32;402;474
17;SPLITSKO-DALMATINSKA ŽUPANIJA;grad;MAKARSKA;003;BIRAČKO MJESTO BR. 3;"UDRUGA ""SUNCE""";KRALJA PETRA KREŠIMIRA IV BR.9;2337;966;966;928;38;343;585
17;SPLITSKO-DALMATINSKA ŽUPANIJA;grad;MAKARSKA;004;BIRAČKO MJESTO BR. 4;ZGRADA GRADA MAKARSKE - GRADSKA VIJEĆNICA;MAKARSKA, OBALA KRALJA TOMISLAVA 1;700;320;320;303;17;112;191
17;SPLITSKO-DALMATINSKA ŽUPANIJA;grad;MAKARSKA;005;BIRAČKO MJESTO BR. 5;VATROGASNI DOM;POTOK BROJ 2;2034;923;923;877;46;400;477
17;SPLITSKO-DALMATINSKA ŽUPANIJA;grad;MAKARSKA;006;BIRAČKO MJESTO BR. 6;SREDNJA ŠKOLA FRA A.K. MIOŠIĆA;Z. FRANKOPANSKA BB, SOBA BR. I;1667;719;719;681;38;314;367
17;SPLITSKO-DALMATINSKA ŽUPANIJA;grad;MAKARSKA;007;BIRAČKO MJESTO BR.7;PLANINARSKI DOM VELIKOBRDSKIH LEDARA;VELIKO BRDO KBR. 103;560;290;290;279;11;151;128
17;SPLITSKO-DALMATINSKA ŽUPANIJA;grad;MAKARSKA;008;BIRAČKO MJESTO BR. 8;OŠ PETRA PERICE - MAKARSKA;ZELENKA BB, SOBA BR. II;1836;798;798;758;40;459;299
17;SPLITSKO-DALMATINSKA ŽUPANIJA;grad;MAKARSKA;009;BIRAČKO MJESTO BR. 9;SREDNJA ŠKOLA FRA A. K. MIOŠIĆA - MAKARSKA;Z. FRANKOPANSKA BB, SOBA BR. II;1762;688;688;652;36;296;356
17;SPLITSKO-DALMATINSKA ŽUPANIJA;grad;OMIŠ;001;PRIKO I;PROSTORIJE ILIRSKOG SJEMENIŠTA;OMIŠ, GLAGOLJAŠKA 11;1676;309;309;296;13;184;112
17;SPLITSKO-DALMATINSKA ŽUPANIJA;grad;OMIŠ;002;PRIKO II;PROSTORIJE ILIRSKOG SJEMENIŠTA;OMIŠ, GLAGOLJAŠKA 11;1013;261;261;251;10;118;133
17;SPLITSKO-DALMATINSKA ŽUPANIJA;grad;OMIŠ;003;PUNTA - STARI GRAD;MJESNI ODBOR;FOŠAL BROJ 6 - OMIŠ;1123;260;260;253;7;118;135
17;SPLITSKO-DALMATINSKA ŽUPANIJA;grad;OMIŠ;004;MLIJA;SAMOSTAN SESTARA SLUŽAVKI MALOG ISUSA;VANGRAD 5;1473;310;310;292;18;147;145
17;SPLITSKO-DALMATINSKA ŽUPANIJA;grad;OMIŠ;005;BORAK;PROSTORIJE NIKŠE ČEČUKA;BORAK, PUT BORKA 67;151;38;38;34;4;13;21
17;SPLITSKO-DALMATINSKA ŽUPANIJA;grad;OMIŠ;006;BRZET;PROSTORIJE   HOTELSKOG NASELJA BRZET;OMIŠ;145;26;26;25;1;9;16
17;SPLITSKO-DALMATINSKA ŽUPANIJA;grad;OMIŠ;007;NEMIRA;"PROSTORIJE MJESNOG ODBORA NEMIRA ""IGRALIŠTE"" U NEMIRI";PUT NEMIRE;421;94;94;92;2;60;32
17;SPLITSKO-DALMATINSKA ŽUPANIJA;grad;OMIŠ;008;ČELINA-STANIĆI;MJESNI ODBOR;STANIĆI;762;113;113;109;4;74;35
17;SPLITSKO-DALMATINSKA ŽUPANIJA;grad;OMIŠ;009;LOKVA ROGOZNICA;PROSTORIJE MJESNOG ODBORA;LOKVA ROGOZNICA, IVAŠNJAK 3;505;64;64;62;2;38;24
17;SPLITSKO-DALMATINSKA ŽUPANIJA;grad;OMIŠ;010;MIMICE;PROSTORIJE TURIST BIROA;MIMICE;261;81;81;77;4;58;19
17;SPLITSKO-DALMATINSKA ŽUPANIJA;grad;OMIŠ;011;MARUŠIĆI;SPOMEN DOM U MARUŠIĆIMA, PROSTORIJE MJESNOG ODBORA;MARUŠIĆI, PUT DVORA 35;212;34;34;33;1;18;15
17;SPLITSKO-DALMATINSKA ŽUPANIJA;grad;OMIŠ;012;PISAK;PROSTORIJE BIVŠE OSNOVNE ŠKOLE U PISKU;PISAK;245;45;45;44;1;23;21
17;SPLITSKO-DALMATINSKA ŽUPANIJA;grad;OMIŠ;013;SEOCA;PROSTORIJE ZADRUŽNOG DOMA U SEOCIMA;SEOCA;120;53;53;53;0;51;2
17;SPLITSKO-DALMATINSKA ŽUPANIJA;grad;OMIŠ;014;KOSTANJE;PROSTORIJE U ZADRUŽNOM DOMU U KOSTANJAMA;KOSTANJE;532;134;134;131;3;112;19
17;SPLITSKO-DALMATINSKA ŽUPANIJA;grad;OMIŠ;015;PODGRAĐE;PROSTORIJE OSNOVNE ŠKOLE U PODGRAĐU;PODGRAĐE;234;75;75;71;4;63;8
17;SPLITSKO-DALMATINSKA ŽUPANIJA;grad;OMIŠ;016;SLIME;PROSTORIJE OSNOVNE ŠKOLE U SLIMENU;SLIME;253;58;58;53;5;30;23
17;SPLITSKO-DALMATINSKA ŽUPANIJA;grad;OMIŠ;017;KUČIĆE;PROSTORIJE OSNOVNE ŠKOLE;KUČIĆE;583;121;121;115;6;101;14
17;SPLITSKO-DALMATINSKA ŽUPANIJA;grad;OMIŠ;018;SVINIŠĆE;PROSTORIJE ZADRUŽNOG DOMA;SVINIŠĆE;116;34;34;32;2;29;3
17;SPLITSKO-DALMATINSKA ŽUPANIJA;grad;OMIŠ;019;ZVEČANJE;PROSTORIJE MJESNOG ODBORA U ZVEČANJU;ZVEČANJE;227;60;60;59;1;49;10
17;SPLITSKO-DALMATINSKA ŽUPANIJA;grad;OMIŠ;020;OSTRVICA DONJA;PROSTORIJE MJESNOG ODBORA (ANTONSKA KUĆA);OSTRVICA DONJA;105;34;34;31;3;26;5
17;SPLITSKO-DALMATINSKA ŽUPANIJA;grad;OMIŠ;021;OSTRVICA GORNJA;PROSTORIJE HPT-A U OSTRVICI GORNJOJ;OSTRVICA GORNJA;60;21;21;21;0;20;1
17;SPLITSKO-DALMATINSKA ŽUPANIJA;grad;OMIŠ;022;ČIŠLA;PROSTORIJE OSNOVNE ŠKOLE;ČIŠLA;256;49;49;47;2;40;7
17;SPLITSKO-DALMATINSKA ŽUPANIJA;grad;OMIŠ;023;GATA;PROSTORIJE  DOMA KULTURE;GATA;486;139;139;136;3;90;46
17;SPLITSKO-DALMATINSKA ŽUPANIJA;grad;OMIŠ;024;ZAKUČAC;PROSTORIJE MJESNOG ODBORA;ZAKUČAC;126;30;30;27;3;23;4
17;SPLITSKO-DALMATINSKA ŽUPANIJA;grad;OMIŠ;025;NAKLICE;PROSTORIJE OSNOVNE ŠKOLE;NAKLICE;205;71;71;67;4;57;10
17;SPLITSKO-DALMATINSKA ŽUPANIJA;grad;OMIŠ;026;TUGARE  -DOČINE;PROSTORIJE ZADRUŽNOG DOMA U DOČINAMA;TUGARE-DOČINE;371;104;104;96;8;67;29
17;SPLITSKO-DALMATINSKA ŽUPANIJA;grad;OMIŠ;027;TUGARE - PODUME-RAČNIK;PROSTORIJE MJESNOG ODBORA TUGARE-PODUME-RAČNIK;TUGARE;325;79;79;77;2;56;21
17;SPLITSKO-DALMATINSKA ŽUPANIJA;grad;OMIŠ;028;TUGARE   - ČAŽIN DOLAC;PROSTORIJE MJESNOG ODBORA U ČAŽIN DOCU;TUGARE;84;23;23;22;1;20;2
17;SPLITSKO-DALMATINSKA ŽUPANIJA;grad;OMIŠ;029;DUBRAVA;PROSTORIJE OSNOVNE ŠKOLE;DUBRAVA;255;59;59;56;3;54;2
17;SPLITSKO-DALMATINSKA ŽUPANIJA;grad;OMIŠ;030;BLATO NA CETINI;PROSTORIJE MJESNOG ODBORA (IZNAD POŠTE);BLATO NA CETINI;407;98;98;94;4;82;12
17;SPLITSKO-DALMATINSKA ŽUPANIJA;grad;OMIŠ;031;NOVA SELA;PROSTORIJE MJESNOG ODBORA U NOVIM SELIMA;NOVA SELA;175;47;47;44;3;41;3
17;SPLITSKO-DALMATINSKA ŽUPANIJA;grad;OMIŠ;032;TRNBUSI;PROSTORIJE BIVŠE OSNOVNE ŠKOLE U TRNBUSIMA;TRNBUSI 86;144;22;22;21;1;16;5
17;SPLITSKO-DALMATINSKA ŽUPANIJA;grad;OMIŠ;033;SRIJANE I -ZIDINE;PROSTORIJE MJESNOG ODBORA U SRIJANIMA;SRIJANE;30;7;7;7;0;7;0
17;SPLITSKO-DALMATINSKA ŽUPANIJA;grad;OMIŠ;034;SRIJANE  II -NEČAJ;PROSTORIJE OSNOVNE ŠKOLE U SRIJANIMA;SRIJANE;184;37;37;36;1;21;15
17;SPLITSKO-DALMATINSKA ŽUPANIJA;grad;OMIŠ;035;GORNJI DOLAC;PROSTORIJE OSNOVNE ŠKOLE U GORNJEM DOCU;GORNJI DOLAC;113;35;35;32;3;25;7
17;SPLITSKO-DALMATINSKA ŽUPANIJA;grad;OMIŠ;036;DONJI DOLAC I - RUPA;PROSTORIJE BIVŠE O.Š. RUPA-DONJI DOLAC;DONJI DOLAC;151;44;44;44;0;38;6
17;SPLITSKO-DALMATINSKA ŽUPANIJA;grad;OMIŠ;037;DONJI DOLAC II  - SMAJIĆI;PROSTORIJE BIVŠE O.Š. SMAJIĆI-DONJI DOLAC;DONJI DOLAC;70;31;31;30;1;25;5
17;SPLITSKO-DALMATINSKA ŽUPANIJA;grad;OMIŠ;038;DONJI DOLAC III -ROŠCA;OBITELJSKA KUĆA POK.ŽELJKA ŠOŠIĆA, DONJI DOLAC 173B, ROŠCA;DONJI DOLAC;78;16;16;8;8;5;3
17;SPLITSKO-DALMATINSKA ŽUPANIJA;grad;OMIŠ;039;PUTIŠIĆI;PROSTORIJE MJESNOG ODBORA U PUTIŠIĆIMA;PUTIŠIĆI;35;23;23;23;0;22;1
17;SPLITSKO-DALMATINSKA ŽUPANIJA;grad;SINJ;001;BIRAČKO MJESTO 1. U SINJU;GALERIJA GALIOTOVIĆ;BRNAŠKA 44;927;441;441;398;43;238;160
17;SPLITSKO-DALMATINSKA ŽUPANIJA;grad;SINJ;002;BIRAČKO MJESTO 2. U SINJU;GALERIJA GALIOTOVIĆ;BRNAŠKA 44;1676;846;845;804;41;528;276
17;SPLITSKO-DALMATINSKA ŽUPANIJA;grad;SINJ;003;BIRAČKO MJESTO 3. U SINJU;"DJEČJI VRTIĆ ""BILI CVITAK"" ŠTALIJA";KNEZA BRANIMIRA 2;851;445;445;408;37;224;184
17;SPLITSKO-DALMATINSKA ŽUPANIJA;grad;SINJ;004;BIRAČKO MJESTO 4. U SINJU;"DJEČJI VRTIĆ ""BILI CVITAK"" ŠTALIJA";KNEZA BRANIMIRA 2;1600;746;746;697;49;456;241
17;SPLITSKO-DALMATINSKA ŽUPANIJA;grad;SINJ;005;BIRAČKO MJESTO 5. U SINJU;"OŠ ""MARKA MARULIĆA""";VLADIMIRA NAZORA 33;1855;969;969;877;92;509;368
17;SPLITSKO-DALMATINSKA ŽUPANIJA;grad;SINJ;006;BIRAČKO MJESTO 6. U SINJU;DOM MLADIH SINJ;LIVANJSKA BB;1209;577;577;529;48;307;222
17;SPLITSKO-DALMATINSKA ŽUPANIJA;grad;SINJ;007;BIRAČKO MJESTO 7. U SINJU;DOM MLADIH SINJ;LIVANJSKA BB;1532;726;726;687;39;462;225
17;SPLITSKO-DALMATINSKA ŽUPANIJA;grad;SINJ;008;BIRAČKO MJESTO 8. U BRNAZAMA;"DJEČJI VRTIĆ ""ALKARIĆ""";BRNAZE;967;523;523;494;29;387;107
17;SPLITSKO-DALMATINSKA ŽUPANIJA;grad;SINJ;009;BIRAČKO MJESTO 9. U BRNAZAMA;OŠ BRNAZE;BRNAZE;1779;996;996;942;54;720;222
17;SPLITSKO-DALMATINSKA ŽUPANIJA;grad;SINJ;010;BIRAČKO MJESTO 10. U TURJACIMA;OŠ TURJACI;TURJACI;962;443;443;418;25;360;58
17;SPLITSKO-DALMATINSKA ŽUPANIJA;grad;SINJ;011;BIRAČKO MJESTO 11. U GLAVICAMA DONJIM;OŠ U GLAVICAMA;GLAVICE DONJE;1731;799;798;759;39;507;252
17;SPLITSKO-DALMATINSKA ŽUPANIJA;grad;SINJ;012;BIRAČKO MJESTO 12. GLAVICE GORNJE;OŠ U GLAVICAMA, GLAVICE DONJE;OŠ U GLAVICAMA, GLAVICE DONJE;1472;678;678;630;48;451;179
17;SPLITSKO-DALMATINSKA ŽUPANIJA;grad;SINJ;013;BIRAČKO MJESTO 13. U HANU;OŠ U HANU;HAN;723;286;285;273;12;224;49
17;SPLITSKO-DALMATINSKA ŽUPANIJA;grad;SINJ;014;BIRAČKO MJESTO 14. U BAJAGIĆU;OŠ BAJAGIĆ;BAJAGIĆ;492;200;200;185;15;153;32
17;SPLITSKO-DALMATINSKA ŽUPANIJA;grad;SINJ;015;BIRAČKO MJESTO 15. U GLJEVU;OŠ U GLJEVU;GLJEV;278;143;143;132;11;113;19
17;SPLITSKO-DALMATINSKA ŽUPANIJA;grad;SINJ;016;BIRAČKO MJESTO 16. U RADOŠIĆU;OŠ U RADOŠIĆU;RADOŠIĆ;565;282;282;255;27;193;62
17;SPLITSKO-DALMATINSKA ŽUPANIJA;grad;SINJ;017;BIRAČKO MJESTO 17. U SUHAČU;"PODUZEĆE ""CIGLANE"" U SLANICI";SLANICA;488;338;338;290;48;185;105
17;SPLITSKO-DALMATINSKA ŽUPANIJA;grad;SINJ;018;BIRAČKO MJESTO 18. U LUČANIMA;OŠ U LUČANIMA;LUČANI;538;312;312;297;15;219;78
17;SPLITSKO-DALMATINSKA ŽUPANIJA;grad;SINJ;019;BIRAČKO MJESTO 19. U KARAKAŠICI;OŠ U KARAKAŠICI;KARAKAŠICA;595;337;336;299;37;224;75
17;SPLITSKO-DALMATINSKA ŽUPANIJA;grad;SINJ;020;BIRAČKO MJESTO 20. U JASENSKOM;KUĆA MARIJE ŠUŠNJARE;JASENSKO 55 A;294;134;134;126;8;105;21
17;SPLITSKO-DALMATINSKA ŽUPANIJA;grad;SINJ;021;BIRAČKO MJESTO 21. U ČITLUKU;OŠ U ČITLUKU;ČITLUK;419;261;261;248;13;221;27
17;SPLITSKO-DALMATINSKA ŽUPANIJA;grad;SINJ;022;BIRAČKO MJESTO 22. U ZELOVU;"U PROSTORIJAMA BIVŠEG PODUZEĆA ""KONKURENT"" (BIVŠA PRODAVAONICA)";ZELOVO;143;80;80;74;6;68;6
17;SPLITSKO-DALMATINSKA ŽUPANIJA;grad;SOLIN;001;CENTAR I;PROSTORIJE ZGRADE GRADSKE UPRAVE GRADA SOLINA;STJEPANA RADIĆA 42, SOLIN;946;455;455;428;27;255;173
17;SPLITSKO-DALMATINSKA ŽUPANIJA;grad;SOLIN;002;CENTAR II;PROSTORIJE CRVENOG KRIŽA GRADA SOLINA;KRALJA ZVONIMIRA  117 D;579;270;270;255;15;155;100
17;SPLITSKO-DALMATINSKA ŽUPANIJA;grad;SOLIN;003;CENTAR III;OŠ DON LOVRE KATIĆA;PUT MAJDANA 3, SOLIN;556;230;230;219;11;135;84
17;SPLITSKO-DALMATINSKA ŽUPANIJA;grad;SOLIN;004;CENTAR IV;OSNOVNA ŠKOLA DON LOVRE KATIĆA;PUT MAJDANA 3, SOLIN;433;194;194;182;12;100;82
17;SPLITSKO-DALMATINSKA ŽUPANIJA;grad;SOLIN;005;CENTAR V;PROSTORIJE O.Š. DON LOVRE KATIĆA;PUT MAJDANA 3;456;231;231;208;23;129;79
17;SPLITSKO-DALMATINSKA ŽUPANIJA;grad;SOLIN;006;KUČINE;PROSTORIJE DRUŠTVENOG DOMA KUČINE;DRAGE MARKOVIĆA 35, SOLIN;900;451;451;409;42;247;162
17;SPLITSKO-DALMATINSKA ŽUPANIJA;grad;SOLIN;007;MRAVINCE I;"PROSTORIJE OSNOVNE ŠKOLE ""KRALJICE JELENE""";GAJEVA ULICA 45, MRAVINCE;985;466;466;434;32;308;126
17;SPLITSKO-DALMATINSKA ŽUPANIJA;grad;SOLIN;008;MRAVINCE II;"OSNOVNA ŠKOLA ""KRALJICE JELENE """;GAJEVA ULICA 45, MRAVINCE;467;237;237;222;15;137;85
17;SPLITSKO-DALMATINSKA ŽUPANIJA;grad;SOLIN;009;PRIKO VODA I;"PROSTORIJA OSNOVE ŠKOLU""KRALJICE JELENE";SOLIN, PUT MIRA 3;895;380;380;352;28;245;107
17;SPLITSKO-DALMATINSKA ŽUPANIJA;grad;SOLIN;010;PRIKO VODE II;O.Š. KRALJICE JELENE;PUT MIRA 3, SOLIN;1107;418;418;370;48;241;129
17;SPLITSKO-DALMATINSKA ŽUPANIJA;grad;SOLIN;011;PRIKO VODE III;"PROSTORIJE OSNOVNE ŠKOLE ""KRALJICE JELENE""";PUT MIRA  3 SOLIN;1159;470;469;429;40;288;141
17;SPLITSKO-DALMATINSKA ŽUPANIJA;grad;SOLIN;012;PRIKO VODE IV;"PROSTORIJE OSNOVNE ŠKOLE ""KRALJICE JELENE""";PUT MIRA 3, SOLIN;931;417;415;385;30;260;125
17;SPLITSKO-DALMATINSKA ŽUPANIJA;grad;SOLIN;013;PRIKO VODE V;"PROSTORIJE OSNOVNE ŠKOLE ""KRALJICE JELENE""";PUT MIRA 3, SOLIN;910;388;388;350;38;246;104
17;SPLITSKO-DALMATINSKA ŽUPANIJA;grad;SOLIN;014;PRIKO VODE VI;"PROSTORIJE OSNOVNE ŠKOLE ""KRALJICE JELENE""";PUT MIRA 3, SOLIN;1005;387;387;360;27;255;105
17;SPLITSKO-DALMATINSKA ŽUPANIJA;grad;SOLIN;015;VRANJIC;KULTURNI CENTAR DON F. BULIĆA;OBALA POMORACA 77, VRANJIC;950;465;465;440;25;301;139
17;SPLITSKO-DALMATINSKA ŽUPANIJA;grad;SOLIN;016;RUPOTINA I;OŠ DON LOVRE KATIĆA - PODRUČNA ŠKOLA RUPOTINA;ANTE STARČEVIĆA 143;488;196;196;171;25;123;48
17;SPLITSKO-DALMATINSKA ŽUPANIJA;grad;SOLIN;017;RUPOTINA II;OŠ DON LOVRE KATIĆA PODRUČNA ŠKOLA RUPOTINA;ANTE STARČEVIĆA 143;784;392;392;360;32;239;121
17;SPLITSKO-DALMATINSKA ŽUPANIJA;grad;SOLIN;018;RUPOTINA III;DJEČJI VRTIĆ VJEVERICA;ANTE STARČEVIĆA 125;827;451;449;406;43;292;114
17;SPLITSKO-DALMATINSKA ŽUPANIJA;grad;SOLIN;019;SREDNJA STRANA I;PROSTORIJE MO SREDNJA STRANA;BRAĆE RADIĆA 65;884;553;553;508;45;394;114
17;SPLITSKO-DALMATINSKA ŽUPANIJA;grad;SOLIN;020;SREDNJA STRANA II;DJEČJI VRTIĆ CVRČAK (TRATINČICA);DON LOVRE KATIĆA 50;1156;567;565;504;61;363;141
17;SPLITSKO-DALMATINSKA ŽUPANIJA;grad;SOLIN;021;SREDNJA STRANA III;"PROSTORIJE DJEČJEG VRTIĆA ""CVRČAK"" (TRATINČICA)";DON LOVRE KATIĆA 50;1061;572;572;524;48;369;155
17;SPLITSKO-DALMATINSKA ŽUPANIJA;grad;SOLIN;022;SREDNJA STRANA IV;DJEČJI VRTIĆ CVRČAK (TRATINČICA);DON LOVRE KATIĆA 50;919;532;530;476;54;367;109
17;SPLITSKO-DALMATINSKA ŽUPANIJA;grad;SOLIN;023;SV. KAJO I;OŠ VJEKOSLAV PARAĆ;DUDINI 17;417;208;208;188;20;137;51
17;SPLITSKO-DALMATINSKA ŽUPANIJA;grad;SOLIN;024;SV. KAJO II;OŠ VJEKOSLAV PARAĆ;DUDINI 17;864;415;415;386;29;256;130
17;SPLITSKO-DALMATINSKA ŽUPANIJA;grad;SOLIN;025;SVETI KAJO III;"O.Š. ""VJEKOSLAV PARAĆ""";DUDINI 17;984;423;423;388;35;273;115
17;SPLITSKO-DALMATINSKA ŽUPANIJA;grad;SOLIN;026;SV.KAJO IV;"O.Š. "" VJEKOSLAV PARAĆ""";DUDINI 17;838;352;351;329;22;225;104
17;SPLITSKO-DALMATINSKA ŽUPANIJA;grad;SPLIT;001;SPLIT;"O.Š. ""POJIŠAN""";VIŠKA 12;806;316;315;296;19;126;170
17;SPLITSKO-DALMATINSKA ŽUPANIJA;grad;SPLIT;002;SPLIT;O.Š.POJIŠAN;VIŠKA 12;875;428;428;405;23;160;245
17;SPLITSKO-DALMATINSKA ŽUPANIJA;grad;SPLIT;003;SPLIT;"O.Š. ""POJIŠAN""";VIŠKA 12;913;440;440;423;17;172;251
17;SPLITSKO-DALMATINSKA ŽUPANIJA;grad;SPLIT;004;SPLIT;GRADSKI KOTAR BAČVICE;VIŠKA 7;913;451;451;427;24;138;289
17;SPLITSKO-DALMATINSKA ŽUPANIJA;grad;SPLIT;005;SPLIT;"O.Š. ""POJIŠAN""";VIŠKA 12;1052;482;480;441;39;195;246
17;SPLITSKO-DALMATINSKA ŽUPANIJA;grad;SPLIT;006;SPLIT;"O.Š.""POJIŠAN""";VIŠKA 12;1421;623;623;599;24;251;348
17;SPLITSKO-DALMATINSKA ŽUPANIJA;grad;SPLIT;007;SPLIT;GRADSKI KOTAR  BLATINE-ŠKRAPE;POLJIČKA CESTA 31;948;418;418;394;24;121;273
17;SPLITSKO-DALMATINSKA ŽUPANIJA;grad;SPLIT;008;SPLIT;GRADSKI KOTAR BLATINE ŠKRAPE;POLJIČKA CESTA 31;971;447;447;422;25;207;215
17;SPLITSKO-DALMATINSKA ŽUPANIJA;grad;SPLIT;009;SPLIT;O.Š. BLATINE-ŠKRAPE;NA KRIŽICE 2;775;367;367;351;16;119;232
17;SPLITSKO-DALMATINSKA ŽUPANIJA;grad;SPLIT;010;SPLIT;O.Š.BLATINE ŠKRAPE;NA KRIŽICE 2;1156;502;502;468;34;256;212
17;SPLITSKO-DALMATINSKA ŽUPANIJA;grad;SPLIT;011;SPLIT;O.Š. BLATINE-ŠKRAPE;NA KRIŽICE 2;746;342;341;325;16;88;237
17;SPLITSKO-DALMATINSKA ŽUPANIJA;grad;SPLIT;012;SPLIT;O.Š. MANUŠ;VUKOVARSKA 11;619;266;266;248;18;84;164
17;SPLITSKO-DALMATINSKA ŽUPANIJA;grad;SPLIT;013;SPLIT;DJEČJI VRTIĆ DUGA;MAŽURANIČEVO ŠET.12 A;543;284;284;267;17;104;163
17;SPLITSKO-DALMATINSKA ŽUPANIJA;grad;SPLIT;014;SPLIT;"O.Š. ""BOL""";HRVATSKIH ISELJENIKA 10;576;238;238;224;14;72;152
17;SPLITSKO-DALMATINSKA ŽUPANIJA;grad;SPLIT;015;SPLIT;DJEČJI VRTIĆ LAVANDA;VUKOVARSKA 45;700;328;328;310;18;113;197
17;SPLITSKO-DALMATINSKA ŽUPANIJA;grad;SPLIT;016;SPLIT;O.Š. BOL;HRV.ISELJENIKA 10;473;198;198;187;11;78;109
17;SPLITSKO-DALMATINSKA ŽUPANIJA;grad;SPLIT;017;SPLIT;O.Š. BOL;HRVATSKIH ISELJENIKA 10;1250;528;527;504;23;237;267
17;SPLITSKO-DALMATINSKA ŽUPANIJA;grad;SPLIT;018;SPLIT;DJEČJI VRTIĆ FRULICA;ULICA SLOBODE 32;646;281;281;265;16;90;175
17;SPLITSKO-DALMATINSKA ŽUPANIJA;grad;SPLIT;019;SPLIT;O.Š. BOL;HRVATSKIH ISELJENIKA 10;712;354;354;320;34;132;188
17;SPLITSKO-DALMATINSKA ŽUPANIJA;grad;SPLIT;020;SPLIT;O.Š. BOL;HRVATSKIH ISELJENIKA 10;565;259;259;252;7;80;172
17;SPLITSKO-DALMATINSKA ŽUPANIJA;grad;SPLIT;021;SPLIT;O.Š. BOL;HRVATSKIH ISELJENIKA 10;676;290;290;268;22;128;140
17;SPLITSKO-DALMATINSKA ŽUPANIJA;grad;SPLIT;022;SPLIT;DJEČJI VRTIĆ POTOČNICA II;TRŠČANSKA 35;638;284;284;267;17;91;176
17;SPLITSKO-DALMATINSKA ŽUPANIJA;grad;SPLIT;023;SPLIT;O.Š. BOL;HRVATSKIH ISELJENIKA 10;657;257;257;232;25;88;144
17;SPLITSKO-DALMATINSKA ŽUPANIJA;grad;SPLIT;024;SPLIT;O.Š. DOBRI;KLIŠKA 25;795;395;395;377;18;161;216
17;SPLITSKO-DALMATINSKA ŽUPANIJA;grad;SPLIT;025;SPLIT;O.Š. DOBRI;KLIŠKA 25;624;292;292;273;19;143;130
17;SPLITSKO-DALMATINSKA ŽUPANIJA;grad;SPLIT;026;SPLIT;O.Š. DOBRI;KLIŠKA 25;649;248;248;243;5;114;129
17;SPLITSKO-DALMATINSKA ŽUPANIJA;grad;SPLIT;027;SPLIT;O.Š. DOBRI;KLIŠKA 25;513;238;238;228;10;79;149
17;SPLITSKO-DALMATINSKA ŽUPANIJA;grad;SPLIT;028;SPLIT;PARKOVI I NASADI;KAVANJINOVA 12;468;216;216;209;7;57;152
17;SPLITSKO-DALMATINSKA ŽUPANIJA;grad;SPLIT;029;SPLIT;GRADSKI KOTAR GRAD;OBALA HRV.PREPORODA 10/1;388;151;151;133;18;68;65
17;SPLITSKO-DALMATINSKA ŽUPANIJA;grad;SPLIT;030;SPLIT;GRADSKI KOTAR GRAD;OBALA HRV.PREPORODA 10/1;301;122;122;117;5;60;57
17;SPLITSKO-DALMATINSKA ŽUPANIJA;grad;SPLIT;031;SPLIT;O.Š. DOBRI;KLIŠKA 25;771;332;332;317;15;108;209
17;SPLITSKO-DALMATINSKA ŽUPANIJA;grad;SPLIT;032;SPLIT;DJEČJI VRTIĆ PALČIĆ;OSJEČKA 3;548;237;237;227;10;99;128
17;SPLITSKO-DALMATINSKA ŽUPANIJA;grad;SPLIT;033;SPLIT;DJEČJI VRTIĆ BOSILJAK;OSJEČKA 24;721;339;339;312;27;114;198
17;SPLITSKO-DALMATINSKA ŽUPANIJA;grad;SPLIT;034;SPLIT;GRADSKI KOTAR GRIPE;MATICE HRVATSKE 16;772;362;362;344;18;137;207
17;SPLITSKO-DALMATINSKA ŽUPANIJA;grad;SPLIT;035;SPLIT;DJEČJI VRTIĆ MIKI;OSJEČKA 12;859;412;412;396;16;175;221
17;SPLITSKO-DALMATINSKA ŽUPANIJA;grad;SPLIT;036;SPLIT;SPORTSKI CENTAR GRIPE;OSJEČKA 11;790;345;345;320;25;135;185
17;SPLITSKO-DALMATINSKA ŽUPANIJA;grad;SPLIT;037;SPLIT;SPORTSKI CENTAR GRIPE;OSJEČKA 11;858;382;382;352;30;139;213
17;SPLITSKO-DALMATINSKA ŽUPANIJA;grad;SPLIT;038;SPLIT;O.Š. KMAN KOCUNAR;BENKOVAČKA 10;879;344;344;323;21;182;141
17;SPLITSKO-DALMATINSKA ŽUPANIJA;grad;SPLIT;039;SPLIT;O.Š. KMAN KOCUNAR;BENKOVAČKA 10;1016;401;401;365;36;215;150
17;SPLITSKO-DALMATINSKA ŽUPANIJA;grad;SPLIT;040;SPLIT;O.Š. KMAN KOCUNAR;BENKOVAČKA 10;817;304;304;283;21;110;173
17;SPLITSKO-DALMATINSKA ŽUPANIJA;grad;SPLIT;041;SPLIT;O.Š. KMAN KOCUNAR;BENKOVAČKA 10;840;329;328;304;24;130;174
17;SPLITSKO-DALMATINSKA ŽUPANIJA;grad;SPLIT;042;SPLIT;O.Š. KMAN KOCUNAR;BENKOVAČKA 10;798;296;296;277;19;175;102
17;SPLITSKO-DALMATINSKA ŽUPANIJA;grad;SPLIT;043;SPLIT;O.Š. KMAN KOCUNAR;BENKOVAČKA 10;1198;414;414;390;24;230;160
17;SPLITSKO-DALMATINSKA ŽUPANIJA;grad;SPLIT;044;SPLIT;O.Š. KMAN KOCUNAR;BENKOVAČKA 10;1134;416;416;394;22;204;190
17;SPLITSKO-DALMATINSKA ŽUPANIJA;grad;SPLIT;045;SPLIT;O.Š. KMAN KOCUNAR;BENKOVAČKA 10;1004;362;362;342;20;148;194
17;SPLITSKO-DALMATINSKA ŽUPANIJA;grad;SPLIT;046;SPLIT;O.Š. GRIPE;ALOJZIJA STEPINCA 12;1398;646;646;605;41;238;367
17;SPLITSKO-DALMATINSKA ŽUPANIJA;grad;SPLIT;047;SPLIT;O.Š. GRIPE;ALOJZIJA STEPINCA 12;1561;642;642;602;40;260;342
17;SPLITSKO-DALMATINSKA ŽUPANIJA;grad;SPLIT;048;SPLIT;O.Š. GRIPE;ALOJZIJA STEPINCA 12;1668;778;778;737;41;267;470
17;SPLITSKO-DALMATINSKA ŽUPANIJA;grad;SPLIT;049;SPLIT;POMORSKA ŠKOLA;ZRINJSKO FRANKOPANSKA 36;1549;654;654;613;41;317;296
17;SPLITSKO-DALMATINSKA ŽUPANIJA;grad;SPLIT;050;SPLIT;O.Š. SKALICE;PUT SKALICA 18;998;452;452;428;24;147;281
17;SPLITSKO-DALMATINSKA ŽUPANIJA;grad;SPLIT;051;SPLIT;O.Š. SKALICE;PUT SKALICA 18;913;455;455;439;16;196;243
17;SPLITSKO-DALMATINSKA ŽUPANIJA;grad;SPLIT;052;SPLIT;DJEČJI VRTIĆ VESELI DANI;STARČEVIĆEVA 32;744;348;348;330;18;117;213
17;SPLITSKO-DALMATINSKA ŽUPANIJA;grad;SPLIT;053;SPLIT;O.Š. SKALICE;PUT SKALICA 18;647;283;283;263;20;74;189
17;SPLITSKO-DALMATINSKA ŽUPANIJA;grad;SPLIT;054;SPLIT;POMORSKA ŠKOLA;ZRINJSKO FRANKOPANSKA 36;669;310;310;292;18;111;181
17;SPLITSKO-DALMATINSKA ŽUPANIJA;grad;SPLIT;055;SPLIT;DJEČJI VRTIĆ ČAROBNI PIANINO;TERZIĆEVA 9;1055;446;446;419;27;184;235
17;SPLITSKO-DALMATINSKA ŽUPANIJA;grad;SPLIT;056;SPLIT;ZGRADA STANOUPRAVE;PUT SKALICA 18;1159;629;628;574;54;252;322
17;SPLITSKO-DALMATINSKA ŽUPANIJA;grad;SPLIT;057;SPLIT;O.Š. SKALICE;PUT SKALICA 18;874;417;417;392;25;149;243
17;SPLITSKO-DALMATINSKA ŽUPANIJA;grad;SPLIT;058;SPLIT;GIMNAZIJA VLADIMIR NAZOR;ZAGREBAČKA 2;722;309;309;297;12;117;180
17;SPLITSKO-DALMATINSKA ŽUPANIJA;grad;SPLIT;059;SPLIT;DJEČJI VRTIĆ MALA SIRENA;KNEZA VIŠESLAVA 24;678;331;331;308;23;103;205
17;SPLITSKO-DALMATINSKA ŽUPANIJA;grad;SPLIT;060;SPLIT;GIMNAZIJA VLADIMIR NAZORA;ZAGREBAČKA 2;769;333;333;314;19;110;204
17;SPLITSKO-DALMATINSKA ŽUPANIJA;grad;SPLIT;061;SPLIT;O.Š. LUČAC;OMIŠKA 27;691;336;336;316;20;94;222
17;SPLITSKO-DALMATINSKA ŽUPANIJA;grad;SPLIT;062;SPLIT;O.Š. LUČAC;OMIŠKA 27;558;221;221;212;9;105;107
17;SPLITSKO-DALMATINSKA ŽUPANIJA;grad;SPLIT;063;SPLIT;GIMNAZIJA VLADIMIR NAZOR;ZAGREBAČKA 2;690;327;327;296;31;142;154
17;SPLITSKO-DALMATINSKA ŽUPANIJA;grad;SPLIT;064;SPLIT;GRADSKI KOTAR LUČAC-MANUŠ;OMIŠKA 16;719;370;370;346;24;134;212
17;SPLITSKO-DALMATINSKA ŽUPANIJA;grad;SPLIT;065;SPLIT;GRADSKI KOTAR MEJE;NJEGOŠEVA 1 A;706;350;350;334;16;115;219
17;SPLITSKO-DALMATINSKA ŽUPANIJA;grad;SPLIT;066;SPLIT;O.Š. MEJE;S. GUNJAČE 1;618;296;296;287;9;98;189
17;SPLITSKO-DALMATINSKA ŽUPANIJA;grad;SPLIT;067;SPLIT;O.Š. MEJE;S. GUNJAČE 1;999;496;496;473;23;205;268
17;SPLITSKO-DALMATINSKA ŽUPANIJA;grad;SPLIT;068;SPLIT;DJEČJI VRTIĆ KAŠTELET;T.P MAROVIĆA 4;834;409;409;390;19;208;182
17;SPLITSKO-DALMATINSKA ŽUPANIJA;grad;SPLIT;069;SPLIT;O.Š. MERTOJAK;DOVERSKA 44;982;468;468;436;32;185;251
17;SPLITSKO-DALMATINSKA ŽUPANIJA;grad;SPLIT;070;SPLIT;O.Š. MERTOJAK;DOVERSKA 44;779;341;341;317;24;136;181
17;SPLITSKO-DALMATINSKA ŽUPANIJA;grad;SPLIT;071;SPLIT;O.Š. MERTOJAK;DOVERSKA 44;812;340;340;317;23;130;187
17;SPLITSKO-DALMATINSKA ŽUPANIJA;grad;SPLIT;072;SPLIT;O.Š. MERTOJAK;DOVERSKA 44;1042;465;464;428;36;190;238
17;SPLITSKO-DALMATINSKA ŽUPANIJA;grad;SPLIT;073;SPLIT;O.Š. MERTOJAK;DOVERSKA 44;855;403;403;377;26;163;214
17;SPLITSKO-DALMATINSKA ŽUPANIJA;grad;SPLIT;074;SPLIT;O.Š. MERTOJAK;DOVERSKA 44;1290;569;567;540;27;239;301
17;SPLITSKO-DALMATINSKA ŽUPANIJA;grad;SPLIT;075;SPLIT;O.Š. PLOKITE;SLAVONSKA 13;715;302;302;284;18;95;189
17;SPLITSKO-DALMATINSKA ŽUPANIJA;grad;SPLIT;076;SPLIT;OŠ PLOKITE;SLAVONSKA ULICA 13;871;386;386;370;16;118;252
17;SPLITSKO-DALMATINSKA ŽUPANIJA;grad;SPLIT;077;SPLIT;O.Š. PLOKITE;SLAVONSKA ULICA 13;668;291;291;276;15;102;174
17;SPLITSKO-DALMATINSKA ŽUPANIJA;grad;SPLIT;078;SPLIT;O.Š. PLOKITE;SLAVONSKA ULICA 13;778;305;305;273;32;106;167
17;SPLITSKO-DALMATINSKA ŽUPANIJA;grad;SPLIT;079;SPLIT;O.Š. PLOKITE;SLAVONSKA 13;604;240;240;229;11;86;143
17;SPLITSKO-DALMATINSKA ŽUPANIJA;grad;SPLIT;080;SPLIT;O.Š. PLOKITE;SLAVONSKA ULICA 13;901;421;421;390;31;149;241
17;SPLITSKO-DALMATINSKA ŽUPANIJA;grad;SPLIT;081;SPLIT;O.Š. PUJANKE;TIJARDOVIĆEVA 30;988;379;378;353;25;145;208
17;SPLITSKO-DALMATINSKA ŽUPANIJA;grad;SPLIT;082;SPLIT;O.Š. PUJANKE;TIJARDOVIĆEVA 30;1105;462;458;429;29;280;149
17;SPLITSKO-DALMATINSKA ŽUPANIJA;grad;SPLIT;083;SPLIT;O.Š. PUJANKE;TIJARDOVIĆEVA 30;1021;386;386;355;31;139;216
17;SPLITSKO-DALMATINSKA ŽUPANIJA;grad;SPLIT;084;SPLIT;O.Š. PUJANKE;TIJARDOVIĆEVA 30;1149;477;477;455;22;207;248
17;SPLITSKO-DALMATINSKA ŽUPANIJA;grad;SPLIT;085;SPLIT;O.Š. PUJANKE;TIJARDOVIĆEVA 30;1035;456;456;424;32;196;228
17;SPLITSKO-DALMATINSKA ŽUPANIJA;grad;SPLIT;086;SPLIT;O.Š. PUJANKE;TIJARDOVIĆEVA 30;808;306;306;282;24;149;133
17;SPLITSKO-DALMATINSKA ŽUPANIJA;grad;SPLIT;087;SPLIT;O.Š. PUJANKE;TIJARDOVIĆEVA 30;730;285;285;270;15;141;129
17;SPLITSKO-DALMATINSKA ŽUPANIJA;grad;SPLIT;088;SPLIT;O.Š. RAVNE NJIVE;SARAJEVSKA 30;692;254;254;239;15;125;114
17;SPLITSKO-DALMATINSKA ŽUPANIJA;grad;SPLIT;089;SPLIT;O.Š. RAVNE NJIVE;SARAJEVSKA 30;708;239;239;218;21;97;121
17;SPLITSKO-DALMATINSKA ŽUPANIJA;grad;SPLIT;090;SPLIT;O.Š. RAVNE NJIVE;SARAJEVSKA 30;817;310;310;286;24;129;157
17;SPLITSKO-DALMATINSKA ŽUPANIJA;grad;SPLIT;091;SPLIT;GRADSKI KOTAR RAVNE NJIVE;HERCEGOVAČKA 40;1207;530;529;495;34;257;238
17;SPLITSKO-DALMATINSKA ŽUPANIJA;grad;SPLIT;092;SPLIT;O.Š. RAVNE NJIVE;SARAJEVSKA 30;662;266;266;246;20;133;113
17;SPLITSKO-DALMATINSKA ŽUPANIJA;grad;SPLIT;093;SPLIT;GRADSKI KOTAR SPINUT;A.G.MATOŠA 29;920;455;455;437;18;163;274
17;SPLITSKO-DALMATINSKA ŽUPANIJA;grad;SPLIT;094;SPLIT;GRADSKI KOTAR SPINUT;A.G.MATOŠA 29;861;431;431;404;27;145;259
17;SPLITSKO-DALMATINSKA ŽUPANIJA;grad;SPLIT;095;SPLIT;O.Š. SPINUT;TESLINA 12;735;353;353;327;26;122;205
17;SPLITSKO-DALMATINSKA ŽUPANIJA;grad;SPLIT;096;SPLIT;GRADSKI KOTAR SPINUT;A.G.MATOŠA 29;728;368;368;346;22;116;230
17;SPLITSKO-DALMATINSKA ŽUPANIJA;grad;SPLIT;097;SPLIT;O.Š. SPINUT;TESLINA 12;538;271;271;255;16;78;177
17;SPLITSKO-DALMATINSKA ŽUPANIJA;grad;SPLIT;098;SPLIT;ELEKTROTEHNIČKA ŠKOLA;TESLINA 2;726;360;360;349;11;84;265
17;SPLITSKO-DALMATINSKA ŽUPANIJA;grad;SPLIT;099;SPLIT;O.Š. SPINUT;TESLINA 12;785;382;382;366;16;103;263
17;SPLITSKO-DALMATINSKA ŽUPANIJA;grad;SPLIT;100;SPLIT;O.Š. SPINUT;TESLINA 12;833;417;417;398;19;97;301
17;SPLITSKO-DALMATINSKA ŽUPANIJA;grad;SPLIT;101;SPLIT;O.Š. SPLIT III;BRUNE BUŠIĆA 6;834;420;419;388;31;171;217
17;SPLITSKO-DALMATINSKA ŽUPANIJA;grad;SPLIT;102;SPLIT;O.Š. SPLIT III;BRUNE BUŠIĆA 6;827;395;385;356;29;113;243
17;SPLITSKO-DALMATINSKA ŽUPANIJA;grad;SPLIT;103;SPLIT;O.Š. SPLIT III;BRUNE BUŠIĆA 6;775;390;390;375;15;155;220
17;SPLITSKO-DALMATINSKA ŽUPANIJA;grad;SPLIT;104;SPLIT;GRADSKI KOTAR SPLIT III;GETALDIĆEVA 13;743;343;343;326;17;114;212
17;SPLITSKO-DALMATINSKA ŽUPANIJA;grad;SPLIT;105;SPLIT;GRADSKI KOTAR SPLIT III;GETALDIĆEVA 13;671;281;281;265;16;98;167
17;SPLITSKO-DALMATINSKA ŽUPANIJA;grad;SPLIT;106;SPLIT;O.Š. SPLIT III;BRUNE BUŠIĆA 6;882;313;313;286;27;111;175
17;SPLITSKO-DALMATINSKA ŽUPANIJA;grad;SPLIT;107;SPLIT;FESB;RUĐERA BOŠKOVIĆA;956;399;399;380;19;180;200
17;SPLITSKO-DALMATINSKA ŽUPANIJA;grad;SPLIT;108;SPLIT;FAKULTET GRAĐEVINSKIH ZNANOSTI;MATICE HRVATSKE 15;624;280;280;265;15;116;149
17;SPLITSKO-DALMATINSKA ŽUPANIJA;grad;SPLIT;109;SPLIT;FESB;RUĐERA BOŠKOVIĆA;929;375;375;353;22;138;215
17;SPLITSKO-DALMATINSKA ŽUPANIJA;grad;SPLIT;110;SPLIT;O.Š. SUĆIDAR;PERIVOJ ANE ROJE 1;1085;429;429;397;32;238;159
17;SPLITSKO-DALMATINSKA ŽUPANIJA;grad;SPLIT;111;SPLIT;O.Š. SUĆIDAR;PERIVOJ ANE ROJE 1;1297;495;495;451;44;303;148
17;SPLITSKO-DALMATINSKA ŽUPANIJA;grad;SPLIT;112;SPLIT;O.Š. SUĆIDAR;PERIVOJ ANE ROJE 1;786;305;305;288;17;139;149
17;SPLITSKO-DALMATINSKA ŽUPANIJA;grad;SPLIT;113;SPLIT;O.Š. SUĆIDAR;PERIVOJ ANE ROJE 1;825;334;334;309;25;107;202
17;SPLITSKO-DALMATINSKA ŽUPANIJA;grad;SPLIT;114;SPLIT;O.Š. SUĆIDAR;PERIVOJ ANE ROJE 1;1066;368;368;343;25;202;141
17;SPLITSKO-DALMATINSKA ŽUPANIJA;grad;SPLIT;115;SPLIT;O.Š. SUĆIDAR;PERIVOJ ANE ROJE 1;1105;434;434;401;33;218;183
17;SPLITSKO-DALMATINSKA ŽUPANIJA;grad;SPLIT;116;SPLIT;O.Š. SUĆIDAR;PERIVOJ ANE ROJE 1;1218;483;482;457;25;230;227
17;SPLITSKO-DALMATINSKA ŽUPANIJA;grad;SPLIT;117;SPLIT;O.Š. SUĆIDAR;PERIVOJ ANE ROJE 1;842;290;290;272;18;107;165
17;SPLITSKO-DALMATINSKA ŽUPANIJA;grad;SPLIT;118;SPLIT;O.Š. TRSTENIK;DINKA ŠIMUNOVIĆA 22;1008;429;429;412;17;179;233
17;SPLITSKO-DALMATINSKA ŽUPANIJA;grad;SPLIT;119;SPLIT;O.Š. TRSTENIK;DINKA ŠIMUNOVIĆA 22;811;382;382;359;23;138;221
17;SPLITSKO-DALMATINSKA ŽUPANIJA;grad;SPLIT;120;SPLIT;O.Š. TRSTENIK;DINKA ŠIMUNOVIĆA 22;933;414;414;389;25;164;225
17;SPLITSKO-DALMATINSKA ŽUPANIJA;grad;SPLIT;121;SPLIT;GRADSKI KOTAR TRSTENIK;PUT TRSTENIKA 1;862;349;349;336;13;118;218
17;SPLITSKO-DALMATINSKA ŽUPANIJA;grad;SPLIT;122;SPLIT;GRADSKI KOTAR TRSTENIK;PUT TRSTENIKA 1;1164;481;481;458;23;189;269
17;SPLITSKO-DALMATINSKA ŽUPANIJA;grad;SPLIT;123;SPLIT;O.Š. TRSTENIK;DINKA ŠIMUNOVIĆA 22;1094;494;494;465;29;215;250
17;SPLITSKO-DALMATINSKA ŽUPANIJA;grad;SPLIT;124;SPLIT;KRUH SV.ANTE;SINOVČIĆA 6;920;372;372;342;30;170;172
17;SPLITSKO-DALMATINSKA ŽUPANIJA;grad;SPLIT;125;SPLIT;KLUB DVORANA;SINOVČIĆA 6;775;304;304;286;18;151;135
17;SPLITSKO-DALMATINSKA ŽUPANIJA;grad;SPLIT;126;SPLIT;DJEČJI VRTIĆ TAMARIN;NAZOROV PRILAZ 20;749;360;360;338;22;157;181
17;SPLITSKO-DALMATINSKA ŽUPANIJA;grad;SPLIT;127;SPLIT;O.Š. MARJAN;GAJEVA 1;859;336;336;310;26;129;181
17;SPLITSKO-DALMATINSKA ŽUPANIJA;grad;SPLIT;128;SPLIT;O.Š. MARJAN;GAJEVA 1;885;404;404;370;34;150;220
17;SPLITSKO-DALMATINSKA ŽUPANIJA;grad;SPLIT;129;SPLIT;O.Š. BRDA;BRDA 2;970;379;379;360;19;260;100
17;SPLITSKO-DALMATINSKA ŽUPANIJA;grad;SPLIT;130;SPLIT;O.Š.BRDA;BRDA 2;1030;421;420;389;31;235;154
17;SPLITSKO-DALMATINSKA ŽUPANIJA;grad;SPLIT;131;SPLIT;O.Š.BRDA;BRDA 2;932;454;454;426;28;297;129
17;SPLITSKO-DALMATINSKA ŽUPANIJA;grad;SPLIT;132;SPLIT;O.Š.BRDA;BRDA 2;998;436;436;404;32;269;135
17;SPLITSKO-DALMATINSKA ŽUPANIJA;grad;SPLIT;133;SPLIT;O.Š.BRDA;BRDA 2;991;405;405;380;25;223;157
17;SPLITSKO-DALMATINSKA ŽUPANIJA;grad;SPLIT;134;SPLIT;O.Š.MEJAŠI;MEJAŠI 20;1642;731;731;685;46;485;200
17;SPLITSKO-DALMATINSKA ŽUPANIJA;grad;SPLIT;135;SPLIT;O.Š.MEJAŠI;MEJAŠI 20;1147;504;504;476;28;369;107
17;SPLITSKO-DALMATINSKA ŽUPANIJA;grad;SPLIT;136;SPLIT;O.Š.MEJAŠI;MEJAŠI 20;869;366;366;350;16;269;81
17;SPLITSKO-DALMATINSKA ŽUPANIJA;grad;SPLIT;137;SPLIT;O.Š.MEJAŠI;MEJAŠI 20;1106;523;523;502;21;390;112
17;SPLITSKO-DALMATINSKA ŽUPANIJA;grad;SPLIT;138;SPLIT;OŠ MEJAŠI;MEJAŠI 20;1293;673;673;634;39;381;253
17;SPLITSKO-DALMATINSKA ŽUPANIJA;grad;SPLIT;139;SPLIT;O.Š.MEJAŠI;MEJAŠI 20;1646;765;765;733;32;515;218
17;SPLITSKO-DALMATINSKA ŽUPANIJA;grad;SPLIT;140;SPLIT;O.Š.RAVNE NJIVE;SARAJEVSKA 30;1010;417;417;386;31;236;150
17;SPLITSKO-DALMATINSKA ŽUPANIJA;grad;SPLIT;141;SPLIT;O.Š.RAVNE NJIVE;SARAJEVSKA 30;932;364;364;339;25;236;103
17;SPLITSKO-DALMATINSKA ŽUPANIJA;grad;SPLIT;142;SPLIT;O.Š.RAVNE NJIVE;SARAJEVSKA 30;1071;415;415;390;25;290;100
17;SPLITSKO-DALMATINSKA ŽUPANIJA;grad;SPLIT;143;SPLIT;GRADSKI KOTAR SIROBUJA;MANDIČEVA 30;1110;449;448;420;28;324;96
17;SPLITSKO-DALMATINSKA ŽUPANIJA;grad;SPLIT;144;SPLIT;GRADSKI KOTAR SIROBUJA;MANDIĆEVA 34;1353;571;571;534;37;419;115
17;SPLITSKO-DALMATINSKA ŽUPANIJA;grad;SPLIT;145;SPLIT;GRADSKI KOTAR ŠINE;JOSIPOVA 2;1539;621;612;566;46;425;141
17;SPLITSKO-DALMATINSKA ŽUPANIJA;grad;SPLIT;146;SPLIT;O.Š.VISOKA;VRH VISOKE 8;1626;679;678;630;48;411;219
17;SPLITSKO-DALMATINSKA ŽUPANIJA;grad;SPLIT;147;SPLIT;GRADSKI KOTAR VISOKA;CESTA MIRA 3;1287;658;658;625;33;409;216
17;SPLITSKO-DALMATINSKA ŽUPANIJA;grad;SPLIT;148;SPLIT;O.Š.VISOKA;VRH VISOKE 8;1300;560;560;528;32;420;108
17;SPLITSKO-DALMATINSKA ŽUPANIJA;grad;SPLIT;149;SPLIT;OŠ ŽNJAN-PAZDIGRAD;PAZDIGRADSKA 1;1206;556;556;513;43;259;254
17;SPLITSKO-DALMATINSKA ŽUPANIJA;grad;SPLIT;150;SPLIT;OŠ ŽNJAN-PAZDIGRAD;PAZDIGRADSKA 1;1147;506;506;470;36;240;230
17;SPLITSKO-DALMATINSKA ŽUPANIJA;grad;SPLIT;151;SPLIT;OŠ ŽNJAN-PAZDIGRAD;PAZDIGRADSKA 1;1648;712;711;666;45;297;369
17;SPLITSKO-DALMATINSKA ŽUPANIJA;grad;SPLIT;152;SPLIT;OŠ ŽNJAN-PAZDIGRAD;PAZDIGRADSKA 1;1293;580;580;545;35;302;243
17;SPLITSKO-DALMATINSKA ŽUPANIJA;grad;SPLIT;153;SITNO DONJE;DRUŠTVENI DOM SITNO DONJE;HRVATSKIH DRAGOVOLJACA 48;238;163;163;154;9;129;25
17;SPLITSKO-DALMATINSKA ŽUPANIJA;grad;SPLIT;154;SITNO GORNJE;DRUŠTVENI DOM SITNO GORNJE;SITNO GORNJE;219;128;128;122;6;86;36
17;SPLITSKO-DALMATINSKA ŽUPANIJA;grad;SPLIT;155;SITNO GORNJE-SIROTKOVIĆI;DRUŠTVENI DOM SIROTKOVIĆI;SITNO GORNJE;134;76;76;73;3;57;16
17;SPLITSKO-DALMATINSKA ŽUPANIJA;grad;SPLIT;156;KAMEN;MJESNI ODBOR KAMEN;SV.MIHOVILA 5;1578;662;662;634;28;482;152
17;SPLITSKO-DALMATINSKA ŽUPANIJA;grad;SPLIT;157;SRINJINE;MJESNI ODBOR SRINJINE;SRINJINE;578;238;238;221;17;146;75
17;SPLITSKO-DALMATINSKA ŽUPANIJA;grad;SPLIT;158;SRINJINE-TVRČIĆI;MJESNI ODBOR TVRČIĆI-SRINJINE;SRINJINE;427;200;200;188;12;126;62
17;SPLITSKO-DALMATINSKA ŽUPANIJA;grad;SPLIT;159;STOBREČ;O.Š.STOBREČ;IVANKOVA 13;1477;572;572;533;39;393;140
17;SPLITSKO-DALMATINSKA ŽUPANIJA;grad;SPLIT;160;STOBREČ;O.Š.STOBREČ;IVANKOVA 13;1197;507;507;478;29;293;185
17;SPLITSKO-DALMATINSKA ŽUPANIJA;grad;SPLIT;161;ŽRNOVNICA;DOM KULTURE KOREŠNICA;KOREŠNICA;1305;543;543;520;23;267;253
17;SPLITSKO-DALMATINSKA ŽUPANIJA;grad;SPLIT;162;ŽRNOVNICA;MJESNI ODBOR ŽRNOVNICA;ŽRNOVNICA;1477;610;610;580;30;331;249
17;SPLITSKO-DALMATINSKA ŽUPANIJA;grad;SPLIT;163;SLATINE;MJESNI ODBOR SLATINE;DUBOKE GARME 2;1130;413;413;390;23;258;132
17;SPLITSKO-DALMATINSKA ŽUPANIJA;grad;STARI GRAD;001;STARI GRAD;"OSNOVNA ŠKOLA ""PETAR HEKTOROVIĆ""";OBALA DR. FRANJE TUĐMANA 1;1089;231;231;226;5;106;120
17;SPLITSKO-DALMATINSKA ŽUPANIJA;grad;STARI GRAD;002;STARI GRAD;HRVATSKI DOM - ČITOVNICA;NOVO RIVA 2;918;195;195;187;8;93;94
17;SPLITSKO-DALMATINSKA ŽUPANIJA;grad;STARI GRAD;003;DOL;DOM MLADEŽI U DOLU;DOL;294;83;83;80;3;58;22
17;SPLITSKO-DALMATINSKA ŽUPANIJA;grad;STARI GRAD;004;VRBANJ;DOM MATIJE IVANIĆA;VRBANJ;457;110;110;103;7;69;34
17;SPLITSKO-DALMATINSKA ŽUPANIJA;grad;SUPETAR;001;SUPETAR I.;KLUPSKE PROSTORIJE KŠR ARBUN (STARI RIBAR);HRVATSKIH VELIKANA 1;890;223;223;219;4;117;102
17;SPLITSKO-DALMATINSKA ŽUPANIJA;grad;SUPETAR;002;SUPETAR II.;"""GRADSKA VIJEĆNICA""";SUPETAR;1054;226;226;222;4;102;120
17;SPLITSKO-DALMATINSKA ŽUPANIJA;grad;SUPETAR;003;SUPETAR III.;"SREDNJA ŠKOLA ""BRAČ""";SUPETAR, KRALJA PETRA KREŠIMIRA IV 2;1304;244;244;241;3;86;155
17;SPLITSKO-DALMATINSKA ŽUPANIJA;grad;SUPETAR;004;ŠKRIP;ZADRUŽNI DOM;ŠKRIP;177;79;79;77;2;39;38
17;SPLITSKO-DALMATINSKA ŽUPANIJA;grad;SUPETAR;005;MIRCA;PROSTORIJE BOĆARSKOG KLUBA;MIRCA;382;105;105;102;3;55;47
17;SPLITSKO-DALMATINSKA ŽUPANIJA;grad;SUPETAR;006;SPLITSKA;PUČKI DOM;SPLITSKA;410;81;81;81;0;36;45
17;SPLITSKO-DALMATINSKA ŽUPANIJA;grad;TRILJ;001;BIRAČKO MJESTO 1. BUDIMIRI;OŠ BUDIMIRI;BUDIMIRI;112;67;67;64;3;51;13
17;SPLITSKO-DALMATINSKA ŽUPANIJA;grad;TRILJ;002;BIRAČKO MJESTO 2. UGLJANE;O.Š. UGLJANE;UGLJANE;311;162;162;158;4;119;39
17;SPLITSKO-DALMATINSKA ŽUPANIJA;grad;TRILJ;003;BIRAČKO MJESTO 3. NOVA SELA;OŠ NOVA SELA (STARA ŠKOLA);NOVA SELA;103;76;76;73;3;57;16
17;SPLITSKO-DALMATINSKA ŽUPANIJA;grad;TRILJ;004;BIRAČKO MJESTO 4. ČAPORICE;OŠ ČAPORICE;ČAPORICE;317;216;216;197;19;159;38
17;SPLITSKO-DALMATINSKA ŽUPANIJA;grad;TRILJ;005;BIRAČKO MJESTO 5. STRMENDOLAC;KUĆA MIŠE MARASOVIĆA - STRMENDOLAC;STRMENDOLAC;156;86;86;79;7;62;17
17;SPLITSKO-DALMATINSKA ŽUPANIJA;grad;TRILJ;006;BIRAČKO MJESTO 6. VEDRINE;OŠ VEDRINE;VEDRINE;733;534;534;485;49;403;82
17;SPLITSKO-DALMATINSKA ŽUPANIJA;grad;TRILJ;007;BIRAČKO MJESTO 7.TRILJ;KINO DVORANA TRILJ;TRILJ;667;462;462;435;27;321;114
17;SPLITSKO-DALMATINSKA ŽUPANIJA;grad;TRILJ;008;BIRAČKO MJESTO 8.BISKO;OŠ BISKO;BISKO;312;206;206;190;16;145;45
17;SPLITSKO-DALMATINSKA ŽUPANIJA;grad;TRILJ;009;BIRAČKO MJESTO 9. VOJNIĆ;OŠ VOJNIĆ;VOJNIĆ;446;259;259;242;17;209;33
17;SPLITSKO-DALMATINSKA ŽUPANIJA;grad;TRILJ;010;BIRAČKO MJESTO 10. GARDUN;OŠ GARDUN;GARDUN;69;40;40;37;3;26;11
17;SPLITSKO-DALMATINSKA ŽUPANIJA;grad;TRILJ;011;BIRAČKO MJESTO 11.TRILJ;OŠ TRILJ;TRILJ;1160;753;753;700;53;544;156
17;SPLITSKO-DALMATINSKA ŽUPANIJA;grad;TRILJ;012;BIRAČKO MJESTO 12. KOŠUTE;OŠ KOŠUTE;KOŠUTE;1505;996;996;923;73;781;142
17;SPLITSKO-DALMATINSKA ŽUPANIJA;grad;TRILJ;013;BIRAČKO MJESTO 13. GRAB;OŠ GRAB;GRAB;686;507;507;480;27;382;98
17;SPLITSKO-DALMATINSKA ŽUPANIJA;grad;TRILJ;014;BIRAČKO MJESTO 14. JABUKA;OŠ JABUKA;JABUKA;223;146;146;137;9;75;62
17;SPLITSKO-DALMATINSKA ŽUPANIJA;grad;TRILJ;015;BIRAČKO MJESTO 15. VELIĆ;OŠ VELIĆ;VELIĆ;253;179;178;165;13;141;24
17;SPLITSKO-DALMATINSKA ŽUPANIJA;grad;TRILJ;016;BIRAČKO MJESTO 16. VRPOLJE;OŠ VRPOLJE;VRPOLJE;104;58;58;54;4;43;11
17;SPLITSKO-DALMATINSKA ŽUPANIJA;grad;TRILJ;017;BIRAČKO MJESTO 17.STRIZIREP;O.Š STRIZIREP, STRIZIREP;STRIZIREP;42;12;12;12;0;10;2
17;SPLITSKO-DALMATINSKA ŽUPANIJA;grad;TRILJ;018;BIRAČKO MJESTO 18. TIJARICA;OŠ TIJARICA;TIJARICA;457;211;211;200;11;163;37
17;SPLITSKO-DALMATINSKA ŽUPANIJA;grad;TRILJ;019;BIRAČKO MJESTO 19. KAMENSKO;O.Š. KAMENSKO, KAMENSKO;KAMENSKO;124;51;51;50;1;49;1
17;SPLITSKO-DALMATINSKA ŽUPANIJA;grad;TRILJ;020;BIRAČKO MJESTO 20. ROŽE;KUĆA VLASNIKA MARIJANA PAVLINUŠIĆA;ROŽE;48;27;27;25;2;24;1
17;SPLITSKO-DALMATINSKA ŽUPANIJA;grad;TRILJ;021;BIRAČKO MJESTO 21. VOŠTANE;ŽUPNA KUĆA;VOŠTANE;125;39;39;39;0;33;6
17;SPLITSKO-DALMATINSKA ŽUPANIJA;grad;TRILJ;022;BIRAČKO MJESTO 22. ČAČVINA;OŠ ČAČVINA;ČAČVINA;66;38;38;32;6;30;2
17;SPLITSKO-DALMATINSKA ŽUPANIJA;grad;TROGIR;001;BIRAČKO MJESTO BROJ 1. U PLANOM;"DJEČJI VRTIĆ TROGIR, MATIČNI DJEČJI VRTIĆ ""LEPTIRIĆ""";CESTA PLANO 70;580;121;121;116;5;52;64
17;SPLITSKO-DALMATINSKA ŽUPANIJA;grad;TROGIR;002;BIRAČKO MJESTO BROJ 2. U TROGIRU, TRAVARICA I;"SŠ ""IVAN LUCIĆ""";PUT MULINA 2B;1257;226;226;223;3;142;81
17;SPLITSKO-DALMATINSKA ŽUPANIJA;grad;TROGIR;003;BIRAČKO MJESTO BROJ 3. U TROGIRU, TRAVARICA II;"SŠ ""IVAN LUCIĆ""";PUT MULINA 2B;811;166;166;162;4;66;96
17;SPLITSKO-DALMATINSKA ŽUPANIJA;grad;TROGIR;004;BIRAČKO MJESTO BROJ 4. U TROGIRU, TRAVARICA III;"SŠ ""IVAN LUCIĆ""";PUT MULINA 2B;733;138;138;135;3;64;71
17;SPLITSKO-DALMATINSKA ŽUPANIJA;grad;TROGIR;005;BIRAČKO MJESTO BROJ 5. U TROGIRU, TRAVARICA IV;"SŠ ""IVAN LUCIĆ""";PUT MULINA 2B;709;131;131;130;1;48;82
17;SPLITSKO-DALMATINSKA ŽUPANIJA;grad;TROGIR;006;BIRAČKO MJESTO BROJ 6. U TROGIRU, TRAVARICA V;"SSŠ ""BLAŽ JURJEV TROGIRANIN""";FRANJE TUĐMANA 1;779;198;198;198;0;81;117
17;SPLITSKO-DALMATINSKA ŽUPANIJA;grad;TROGIR;007;BIRAČKO MJESTO BROJ 7. U TROGIRU, TRAVARICA VI;"SSŠ ""BLAŽ JURJEV TROGIRANIN""";FRANJE TUĐMANA 1;791;137;137;134;3;78;56
17;SPLITSKO-DALMATINSKA ŽUPANIJA;grad;TROGIR;008;BIRAČKO MJESTO BROJ 8. U TROGIRU, TRAVARICA VII;"SSŠ ""BLAŽ JURJEV TROGIRANIN""";FRANJE TUĐMANA 1;916;217;217;214;3;91;123
17;SPLITSKO-DALMATINSKA ŽUPANIJA;grad;TROGIR;009;BIRAČKO MJESTO BROJ 9. U TROGIRU (GRAD);"OŠ ""PETAR BERISLAVIĆ""";OBALA BANA BERISLAVIĆA 16;718;172;172;166;6;80;86
17;SPLITSKO-DALMATINSKA ŽUPANIJA;grad;TROGIR;010;BIRAČKO MJESTO BROJ 10. U TROGIRU,ČIOVO I;"DJEČJI VRTIĆ TROGIR, PODRUČNI DJEČJI VRTIĆ ""MASLINA""";SV. PETRA 8;954;165;165;163;2;63;100
17;SPLITSKO-DALMATINSKA ŽUPANIJA;grad;TROGIR;011;BIRAČKO MJESTO BROJ 11. U TROGIRU, ČIOVO II;PROSTOR LOVAČKE UDRUGE TROGIR;OBALA KRALJA ZVONIMIRA 16;407;98;98;93;5;30;63
17;SPLITSKO-DALMATINSKA ŽUPANIJA;grad;TROGIR;012;BIRAČKO MJESTO BROJ 12. ČIOVO III;KUĆA PUOVIĆ;OBALA KRALJA ZVONIMIRA 15;841;198;198;195;3;86;109
17;SPLITSKO-DALMATINSKA ŽUPANIJA;grad;TROGIR;013;BIRAČKO MJESTO BROJ 13. U TROGIRU, ČIOVO IV;KUĆA PUOVIĆ;OBALA KRALJA ZVONIMIRA 15;892;128;128;125;3;79;46
17;SPLITSKO-DALMATINSKA ŽUPANIJA;grad;TROGIR;014;BIRAČKO MJESTO BROJ 14. U ŽEDNOM;DRUŠTVENI DOM ŽEDNO;ŽEDNO;130;34;34;34;0;11;23
17;SPLITSKO-DALMATINSKA ŽUPANIJA;grad;TROGIR;015;BIRAČKO MJESTO BROJ 15. U MASTRINCI;HOTEL SV. KRIŽ;DOMOVINSKE ZAHVALNOSTI 1;1007;188;188;185;3;108;77
17;SPLITSKO-DALMATINSKA ŽUPANIJA;grad;TROGIR;016;BIRAČKO MJESTO BROJ 16. U ARBANIJI;MJESNI ODBOR;ARBANIJA;421;133;133;133;0;74;59
17;SPLITSKO-DALMATINSKA ŽUPANIJA;grad;TROGIR;017;BIRAČKO MJESTO BROJ 17. U DRVENIKU MALOM;BIVŠA OŠ DRVENIK MALI;DRVENIK MALI;163;48;48;48;0;21;27
17;SPLITSKO-DALMATINSKA ŽUPANIJA;grad;TROGIR;018;BIRAČKO MJESTO BROJ 18. U DRVENIKU VELIKOM;MJESNI ODBOR;TOĆ, DRVENIK VELIKI;255;75;75;73;2;27;46
17;SPLITSKO-DALMATINSKA ŽUPANIJA;grad;VIS;001;VIS;ZGRADA GRADA VISA;TRG 30. SVIBNJA 1992. BROJ 2;660;155;155;152;3;81;71
17;SPLITSKO-DALMATINSKA ŽUPANIJA;grad;VIS;002;VIS;HRVATSKI DOM;OBALA SV. JURJA 29;407;86;86;83;3;35;48
17;SPLITSKO-DALMATINSKA ŽUPANIJA;grad;VIS;003;VIS;ZORA KUT;TRG EUGENA KVATERNIKA 2;554;165;165;160;5;78;82
17;SPLITSKO-DALMATINSKA ŽUPANIJA;grad;VIS;004;PODSTRAŽJE;DOM PODSTRAŽJE;PODSTRAŽJE BB;258;77;77;77;0;24;53
17;SPLITSKO-DALMATINSKA ŽUPANIJA;grad;VIS;005;MARINJE ZEMLJE;DOM MARINJE ZEMLJE;MARINJE ZEMLJE BB;91;28;28;28;0;9;19
17;SPLITSKO-DALMATINSKA ŽUPANIJA;grad;VRGORAC;001;PRAPATNICE;OSNOVNA ŠKOLA;PRAPATNICE;153;50;50;50;0;36;14
17;SPLITSKO-DALMATINSKA ŽUPANIJA;grad;VRGORAC;002;PODPROLOG;OSNOVNA ŠKOLA;PODPROLOG;330;103;103;100;3;86;14
17;SPLITSKO-DALMATINSKA ŽUPANIJA;grad;VRGORAC;003;BANJA;KUĆA DRINKA GRANIĆA;BANJA 61;198;52;52;47;5;26;21
17;SPLITSKO-DALMATINSKA ŽUPANIJA;grad;VRGORAC;004;ORAH;OSNOVNA ŠKOLA;ORAH;225;67;67;65;2;37;28
17;SPLITSKO-DALMATINSKA ŽUPANIJA;grad;VRGORAC;005;VELIKI PROLOG;OSNOVNA ŠKOLA;VELIKI PROLOG;242;106;106;106;0;91;15
17;SPLITSKO-DALMATINSKA ŽUPANIJA;grad;VRGORAC;006;KOKORIĆI;OSNOVNA ŠKOLA;KOKORIĆI;116;48;48;48;0;35;13
17;SPLITSKO-DALMATINSKA ŽUPANIJA;grad;VRGORAC;007;DUSINA;ZGRADA OSNOVNE ŠKOLE;DUSINA;417;227;227;223;4;211;12
17;SPLITSKO-DALMATINSKA ŽUPANIJA;grad;VRGORAC;008;VRGORAC;ZGRADA GRADA VRGORCA-MALA VIJEĆNICA;VRGORAC;1878;433;433;423;10;240;183
17;SPLITSKO-DALMATINSKA ŽUPANIJA;grad;VRGORAC;009;VLAKA;KUĆA NENE OKUKA;VLAKA 9;34;19;19;19;0;11;8
17;SPLITSKO-DALMATINSKA ŽUPANIJA;grad;VRGORAC;010;UMČANI;OSNOVNA ŠKOLA;UMČANI;177;47;47;46;1;17;29
17;SPLITSKO-DALMATINSKA ŽUPANIJA;grad;VRGORAC;011;MILOŠIĆI;KUĆA IVICE ERCEGA (TUĆO);VELIKI PROLOG 98A;129;43;43;39;4;21;18
17;SPLITSKO-DALMATINSKA ŽUPANIJA;grad;VRGORAC;012;KOTEZI;"ZGRADA BIVŠE OSNOVNE ŠKOLE (KLUB ZA OBARANJE RUKE ""MUSE""";KOTEZI;223;67;67;65;2;38;27
17;SPLITSKO-DALMATINSKA ŽUPANIJA;grad;VRGORAC;013;RAŠĆANE;ZGRADA MJESNOG ODBORA RAŠĆANE (PORED IGRALIŠTA);RAŠĆANE 115;97;39;39;37;2;29;8
17;SPLITSKO-DALMATINSKA ŽUPANIJA;grad;VRGORAC;014;POLJICA;ZGRADA LOVAČKE UDRUGE (PORED ŠKOLE);POLJICA;57;15;15;14;1;12;2
17;SPLITSKO-DALMATINSKA ŽUPANIJA;grad;VRGORAC;015;DUGE NJIVE;OSNOVNA ŠKOLA;DUGE NJIVE;77;39;39;37;2;12;25
17;SPLITSKO-DALMATINSKA ŽUPANIJA;grad;VRGORAC;016;KOZICA;ZADRUŽNI DOM;KOZICA;53;16;16;16;0;11;5
17;SPLITSKO-DALMATINSKA ŽUPANIJA;grad;VRGORAC;017;ŽLIBINA;KUĆA ZORE VULETIĆA;POLJICA KOZIČKA 148;75;32;32;32;0;32;0
17;SPLITSKO-DALMATINSKA ŽUPANIJA;grad;VRGORAC;018;DRAGLJANE;OSNOVNA ŠKOLA;DRAGLJANE;43;23;23;22;1;5;17
17;SPLITSKO-DALMATINSKA ŽUPANIJA;grad;VRGORAC;019;KLJENAK;KUĆA ANTE NIZIĆA;KLJENAK 9;50;15;15;14;1;5;9
17;SPLITSKO-DALMATINSKA ŽUPANIJA;grad;VRGORAC;020;DRAŽEVITIĆI;ZADRUŽNI DOM;DRAŽEVITIĆI;155;52;52;50;2;25;25
17;SPLITSKO-DALMATINSKA ŽUPANIJA;grad;VRGORAC;021;ZAVOJANE;ZADRUŽNI DOM;ZAVOJANE;173;66;66;64;2;34;30
17;SPLITSKO-DALMATINSKA ŽUPANIJA;grad;VRGORAC;022;MAJIĆI;KUĆA MIRA ŽIDIĆA - BLOKETARA;ZAVOJANE 18;55;25;25;21;4;7;14
17;SPLITSKO-DALMATINSKA ŽUPANIJA;grad;VRGORAC;023;MIJACA;OSNOVNA ŠKOLA;MIJACA;43;20;20;20;0;19;1
17;SPLITSKO-DALMATINSKA ŽUPANIJA;grad;VRGORAC;024;STILJA;OSNOVNA ŠKOLA;STILJA;260;103;103;101;2;85;16
17;SPLITSKO-DALMATINSKA ŽUPANIJA;grad;VRGORAC;025;VINA;KUĆA IVANA FRANIĆA POK. MARKA;VINA;99;50;50;50;0;43;7
17;SPLITSKO-DALMATINSKA ŽUPANIJA;grad;VRGORAC;026;RAVČA;OSNOVNA ŠKOLA;RAVČA;128;31;31;31;0;17;14
17;SPLITSKO-DALMATINSKA ŽUPANIJA;grad;VRLIKA;001;BIRAČKO MJESTO 1. VRLIKA;GRADSKA VIJEĆNICA;FRA. FILIPA GRABOVCA 6;518;180;180;172;8;148;24
17;SPLITSKO-DALMATINSKA ŽUPANIJA;grad;VRLIKA;002;BIRAČKO MJESTO 2. DONJE MAOVICE;"OBJEKT ZV. ""KULINA"", VL. PETAR MIŠIĆ";DONJE MAOVICE;267;42;42;40;2;37;3
17;SPLITSKO-DALMATINSKA ŽUPANIJA;grad;VRLIKA;003;BIRAČKO MJESTO 3. GORNJE MAOVICE;HRVATSKE TELEKOMUNIKACIJE;GORNJE MAOVICE;185;60;60;54;6;50;4
17;SPLITSKO-DALMATINSKA ŽUPANIJA;grad;VRLIKA;004;BIRAČKO MJESTO 4. GARJAK;PRIVATNA KUĆA U VLASNIŠTVU ZAHARIJE UZUN;GARJAK 20;65;14;14;14;0;12;2
17;SPLITSKO-DALMATINSKA ŽUPANIJA;grad;VRLIKA;005;BIRAČKO MJESTO 5. PODOSOJE;OBJEKT VL. DRAGAN MARINOVIĆ;PODOSOJE 6;212;47;47;47;0;40;7
17;SPLITSKO-DALMATINSKA ŽUPANIJA;grad;VRLIKA;006;BIRAČKO MJESTO 6. KOSORE;PRIVATNA KUĆA U VLASNIŠTVU MARIN LELAS;KOSORE 6A;159;59;59;55;4;45;10
17;SPLITSKO-DALMATINSKA ŽUPANIJA;grad;VRLIKA;007;BIRAČKO MJESTO 7. VINALIĆ;HRVATSKE TELEKOMUNIKACIJE;VINALIĆ;173;75;75;72;3;72;0
17;SPLITSKO-DALMATINSKA ŽUPANIJA;grad;VRLIKA;008;BIRAČKO MJESTO 8. JEŽEVIĆ;HRVATSKE TELEKOMUNIKACIJE;JEŽEVIĆ;237;64;64;62;2;57;5
17;SPLITSKO-DALMATINSKA ŽUPANIJA;općina;BAŠKA VODA;001;BAŠKA VODA;ZGRADA OPĆINE;OBALA SV.NIKOLE 65;1160;284;284;279;5;178;101
17;SPLITSKO-DALMATINSKA ŽUPANIJA;općina;BAŠKA VODA;002;BAŠKA VODA;ZGRADA LUKE;OBALA SV. NIKOLE 2;908;247;247;242;5;191;51
17;SPLITSKO-DALMATINSKA ŽUPANIJA;općina;BAŠKA VODA;003;BAST;ŠKOLA BAST;BAST BR. 48;129;65;65;64;1;41;23
17;SPLITSKO-DALMATINSKA ŽUPANIJA;općina;BAŠKA VODA;004;PROMAJNA;"OŠ ""PROMAJNA""";OBALA BR. 1;484;112;112;108;4;77;31
17;SPLITSKO-DALMATINSKA ŽUPANIJA;općina;BAŠKA VODA;005;BRATUŠ;MOBILNA KUĆICA MJESNOG ODBORA BRATUŠ;BRATUŠ 29 A;103;51;51;49;2;40;9
17;SPLITSKO-DALMATINSKA ŽUPANIJA;općina;BAŠKA VODA;006;KRVAVICA;URED MJESNOG ODBORA KRVAVICA;KRVAVICA BR. 55;236;84;84;80;4;42;38
17;SPLITSKO-DALMATINSKA ŽUPANIJA;općina;BOL;001;BOL I.;ŠKOLA;BOL;1608;348;348;334;14;143;191
17;SPLITSKO-DALMATINSKA ŽUPANIJA;općina;BOL;002;MURVICA;DOM;MURVICA;27;4;4;4;0;1;3
17;SPLITSKO-DALMATINSKA ŽUPANIJA;općina;BRELA;001;GORNJA BRELA;PROSTOR BIVŠE MJESNE ZAJEDNICE;ULICA NARET BR. 1;133;47;47;44;3;27;17
17;SPLITSKO-DALMATINSKA ŽUPANIJA;općina;BRELA;002;BRELA;DJEČJI VRTIĆ BRELA;ULICA SV. JURJA BR. 1 B;1468;292;292;281;11;158;123
17;SPLITSKO-DALMATINSKA ŽUPANIJA;općina;CISTA PROVO;001;ARŽANO;OSNOVNA ŠKOLA;ARŽANO;360;144;144;142;2;140;2
17;SPLITSKO-DALMATINSKA ŽUPANIJA;općina;CISTA PROVO;002;BIORINE;PODRUČNA ŠKOLA;BIORINE;147;118;118;118;0;118;0
17;SPLITSKO-DALMATINSKA ŽUPANIJA;općina;CISTA PROVO;003;CISTA PROVO;STARA PODRUČNA ŠKOLA CISTA PROVO;CISTA PROVO;386;196;196;190;6;186;4
17;SPLITSKO-DALMATINSKA ŽUPANIJA;općina;CISTA PROVO;004;CISTA VELIKA;OSNOVNA ŠKOLA;CISTA VELIKA;610;163;163;153;10;149;4
17;SPLITSKO-DALMATINSKA ŽUPANIJA;općina;CISTA PROVO;005;DOBRANJE;KULTURNO UMJETNIČKO ŠPORTSKO DRUŠTVO;DOBRANJE;119;82;82;82;0;78;4
17;SPLITSKO-DALMATINSKA ŽUPANIJA;općina;CISTA PROVO;006;SVIB;PODRUČNA ŠKOLA;SVIB;429;90;90;87;3;86;1
17;SPLITSKO-DALMATINSKA ŽUPANIJA;općina;CISTA PROVO;007;SVIBIĆ;PODRUČNA ŠKOLA;SVIBIĆ;112;51;51;50;1;49;1
17;SPLITSKO-DALMATINSKA ŽUPANIJA;općina;DICMO;001;BIRAČKO MJESTO 1. ERCEGOVCI;PODRUČNA ŠKOLA ERCEGOVCI;DICMO ERCEGOVCI 22;110;34;34;34;0;23;11
17;SPLITSKO-DALMATINSKA ŽUPANIJA;općina;DICMO;002;BIRAČKO MJESTO 2. KRUŠVAR;PODRUČNA ŠKOLA KRUŠVAR;DICMO KRUŠVAR 113A;404;102;102;99;3;85;14
17;SPLITSKO-DALMATINSKA ŽUPANIJA;općina;DICMO;003;BIRAČKO MJESTO 3.  KRAJ-OSOJE-SUŠCI;O. Š. A. STARČEVIĆ  DICMO;DICMO KRAJ 42;903;294;294;288;6;251;37
17;SPLITSKO-DALMATINSKA ŽUPANIJA;općina;DICMO;004;BIRAČKO MJESTO 4. PRISOJE - SIČANE;O.Š. ANTE STARČEVIĆA DICMO;DICMO KRAJ 42;935;231;231;227;4;215;12
17;SPLITSKO-DALMATINSKA ŽUPANIJA;općina;DUGI RAT;001;DUĆE-GOLUBINKA;"UGOSTITELJSKI OBJEKT ""SIDRO""";POLJIČKA CESTA - GOLUBINKA 35;791;212;212;204;8;150;54
17;SPLITSKO-DALMATINSKA ŽUPANIJA;općina;DUGI RAT;002;DUĆE-ROGAČ;TURIST BIRO DUĆE U DUĆAMA;POLJIČKA CESTA, VAVLJE 2;766;235;235;214;21;148;66
17;SPLITSKO-DALMATINSKA ŽUPANIJA;općina;DUGI RAT;003;DUGI RAT I;PROSTORIJE KUD-A DALMACIJA U DUGOM RATU;POLJIČKA CESTA 133;1119;492;492;459;33;270;189
17;SPLITSKO-DALMATINSKA ŽUPANIJA;općina;DUGI RAT;004;DUGI RAT II;PROSTORIJE OPĆINE DUGI RAT U DUGOM RATU;POLJIČKI TRG 1;1212;521;521;474;47;299;175
17;SPLITSKO-DALMATINSKA ŽUPANIJA;općina;DUGI RAT;005;ORIJ I MALI RAT;"OSNOVNA ŠKOLA ""JESENICE"" U ORIJU";ĐAČKI PUT 10;766;289;289;259;30;165;94
17;SPLITSKO-DALMATINSKA ŽUPANIJA;općina;DUGI RAT;006;SUMPETAR I SUHI POTOK;PRIZEMLJE ZGRADE DJEČJEG VRTIĆA U SUMPETRU;PUT SV.ROKA 6;841;318;316;289;27;203;86
17;SPLITSKO-DALMATINSKA ŽUPANIJA;općina;DUGI RAT;007;KRILO I BAJNICE;PROSTOR HRVATSKE UDRUGE PRIVATNIH BRODARA;SV. NIKOLA 2, KRILO JESENICE;1032;456;456;439;17;309;130
17;SPLITSKO-DALMATINSKA ŽUPANIJA;općina;DUGOPOLJE;001;BIRAČKO MJESTO 1. KOPRIVNO;OBITELJSKA KUĆA VLADE ŠAMADAN;KOPRIVNO,ULICA SVIH SVETIH 3;241;99;99;96;3;87;9
17;SPLITSKO-DALMATINSKA ŽUPANIJA;općina;DUGOPOLJE;002;BIRAČKO MJESTO 2. DUGOPOLJE;KUĆA MILJENKA BALIĆA;DOMOVINSKOG RATA 67, DUGOPOLJE;1264;414;414;396;18;305;91
17;SPLITSKO-DALMATINSKA ŽUPANIJA;općina;DUGOPOLJE;003;BIRAČKO MJESTO 3. DUGOPOLJE;DOM KULTURE;TRG F.TUĐMANA 1 DUGOPOLJE;814;267;267;260;7;201;59
17;SPLITSKO-DALMATINSKA ŽUPANIJA;općina;DUGOPOLJE;004;BIRAČKO MJESTO 4. DUGOPOLJE;KUĆA DAVORA PERIŠIĆA;DOMOVINSKOG RATA 189 DUGOPOLJE;746;225;225;219;6;166;53
17;SPLITSKO-DALMATINSKA ŽUPANIJA;općina;DUGOPOLJE;005;BIRAČKO MJESTO 5. KOTLENICE;PODRUČNA ŠKOLA KOTLENICE;SOLINSKA 14;129;63;63;62;1;55;7
17;SPLITSKO-DALMATINSKA ŽUPANIJA;općina;DUGOPOLJE;006;BIRAČKO MJESTO 6. LISKA;ZGRADA OPĆINE LISKA;ULICA SV. LUKE 30;56;51;51;51;0;50;1
17;SPLITSKO-DALMATINSKA ŽUPANIJA;općina;GRADAC;001;DRVENIK;ZGRADA PODRUČNE PUČKE ŠKOLE DRVENIK;DONJA VALA 129, DRVENIK;495;175;175;174;1;47;127
17;SPLITSKO-DALMATINSKA ŽUPANIJA;općina;GRADAC;002;ZAOSTROG;PROSTORIJE TURISTIČKE ZAJEDNICE;ZAOSTROG, FRA A.K. MIOŠIĆA 1;354;112;112;108;4;59;49
17;SPLITSKO-DALMATINSKA ŽUPANIJA;općina;GRADAC;003;PODACA;MJESNI ODBOR;TRG A. STARČEVIĆA 1;665;99;99;97;2;66;31
17;SPLITSKO-DALMATINSKA ŽUPANIJA;općina;GRADAC;004;BRIST;PUČKA ŠKOLA;SLAKOVAC 9;370;135;135;131;4;60;71
17;SPLITSKO-DALMATINSKA ŽUPANIJA;općina;GRADAC;005;GRADAC;PROSTORIJA DRUŠTVENOG DOMA GRADAC;TRG HRVATSKOG PREPORODA 3;1177;258;258;256;2;95;161
17;SPLITSKO-DALMATINSKA ŽUPANIJA;općina;HRVACE;001;BIRAČKO MJESTO 1. HRVACE;KUĆA ANĐE KEKEZ;HRVACE 67 A (KOD RESTORANA JANKOVIĆ);523;193;193;187;6;177;10
17;SPLITSKO-DALMATINSKA ŽUPANIJA;općina;HRVACE;002;BIRAČKO MJESTO 2. HRVACE;"OŠ ""DINKA ŠIMUNOVIĆA""";HRVACE;823;419;419;416;3;397;19
17;SPLITSKO-DALMATINSKA ŽUPANIJA;općina;HRVACE;003;BIRAČKO MJESTO 3. BITELIĆ;OŠ BITELIĆ;BITELIĆ;461;145;145;138;7;121;17
17;SPLITSKO-DALMATINSKA ŽUPANIJA;općina;HRVACE;004;BIRAČKO MJESTO 4. RUMIN;KUĆA MARKA BULJANA;RUMIN;164;135;135;131;4;124;7
17;SPLITSKO-DALMATINSKA ŽUPANIJA;općina;HRVACE;005;BIRAČKO MJESTO 5. VUČIPOLJE;STARA OŠ U VUČIPOLJU;VUČIPOLJE;157;127;127;125;2;123;2
17;SPLITSKO-DALMATINSKA ŽUPANIJA;općina;HRVACE;006;BIRAČKO MJESTO 6. POTRAVLJE;OŠ POTRAVLJE;POTRAVLJE;593;196;196;194;2;189;5
17;SPLITSKO-DALMATINSKA ŽUPANIJA;općina;HRVACE;007;BIRAČKO MJESTO 7. SATRIĆ;PROSTORIJE MO SATRIĆ;SATRIĆ;391;102;102;102;0;86;16
17;SPLITSKO-DALMATINSKA ŽUPANIJA;općina;HRVACE;008;BIRAČKO MJESTO 8. MALJKOVO;PROSTORIJE MJESNOG ODBORA;MALJKOVO;78;41;41;38;3;38;0
17;SPLITSKO-DALMATINSKA ŽUPANIJA;općina;JELSA;001;JELSA;OPĆINSKI DOM U JELSI;JELSA 404;855;243;243;238;5;148;90
17;SPLITSKO-DALMATINSKA ŽUPANIJA;općina;JELSA;002;JELSA;OPĆINSKI DOM U JELSI;JELSA, TRG TOME GAMULINA 1;796;206;206;200;6;111;89
17;SPLITSKO-DALMATINSKA ŽUPANIJA;općina;JELSA;003;SVIRČE;"PROSTORIJE ""PZ SVIRČE""";SVIRČE;384;98;98;96;2;75;21
17;SPLITSKO-DALMATINSKA ŽUPANIJA;općina;JELSA;004;VRISNIK;ČITAONICA;VRISNIK;174;47;47;43;4;22;21
17;SPLITSKO-DALMATINSKA ŽUPANIJA;općina;JELSA;005;PITVE;SELJAČKI DOM U PITVAMA;PITVE;83;24;24;22;2;14;8
17;SPLITSKO-DALMATINSKA ŽUPANIJA;općina;JELSA;006;ZAVALA;ZADRUŽNI DOM U ZAVALI;ZAVALA;200;52;52;49;3;21;28
17;SPLITSKO-DALMATINSKA ŽUPANIJA;općina;JELSA;007;VRBOSKA;DOM KULTURE;VRBOSKA;594;181;181;176;5;106;70
17;SPLITSKO-DALMATINSKA ŽUPANIJA;općina;JELSA;008;POLJICA;"PROSTORIJE ""PZ POLJICA""";POLJICA;58;35;35;34;1;12;22
17;SPLITSKO-DALMATINSKA ŽUPANIJA;općina;JELSA;009;ZASTRAŽIŠĆE;"PROSTORIJE ""PZ ZASTRAŽIŠĆE""";ZASTRAŽIŠĆE;190;68;68;68;0;40;28
17;SPLITSKO-DALMATINSKA ŽUPANIJA;općina;JELSA;010;GDINJ;PROSTORIJE TURISTIČKOG UREDA;GDINJ;183;59;59;58;1;26;32
17;SPLITSKO-DALMATINSKA ŽUPANIJA;općina;KLIS;001;BIRAČKO MJESTO 1. KLIS-VAROŠ;MJESNI ODBOR  KLIS-VAROŠ;KNEZA TRPIMIRA 229;352;150;150;140;10;118;22
17;SPLITSKO-DALMATINSKA ŽUPANIJA;općina;KLIS;002;BIRAČKO MJESTO 2. KLIS-DONJA RUPOTINA;PROSTORIJE MJESNOG ODBORA DONJA RUPOTINA;KNEZA TRPIMIRA 90;1321;244;244;227;17;144;83
17;SPLITSKO-DALMATINSKA ŽUPANIJA;općina;KLIS;003;BIRAČKO MJESTO 3. KLIS-BRDO;OŠ. PETAR KRUŽIĆ;VJEKOSLAVA PARAĆA 7;274;84;84;82;2;66;16
17;SPLITSKO-DALMATINSKA ŽUPANIJA;općina;KLIS;004;BIRAČKO MJESTO 4. KLIS - MEGDAN;"DOM KULTURE ""JOZO BULIGA""";IZA GRADA 2;379;138;138;128;10;86;42
17;SPLITSKO-DALMATINSKA ŽUPANIJA;općina;KLIS;005;BIRAČKO MJESTO 5. KLIS - KOSA;"DOM KULTURE ""ZDRAVKO UVODIĆ""";SV. JURE 48;371;115;115;113;2;70;43
17;SPLITSKO-DALMATINSKA ŽUPANIJA;općina;KLIS;006;BIRAČKO MJESTO 6. KLIS - OZRNA;"PROSTORIJE LOVAČKE UDRUGE ""SVEČURJE""";STARE RERE 34;118;49;49;46;3;27;19
17;SPLITSKO-DALMATINSKA ŽUPANIJA;općina;KLIS;007;BIRAČKO MJESTO 7. KONJSKO;MO KONJSKO;DOMOVINSKOG RATA 45;237;78;78;71;7;56;15
17;SPLITSKO-DALMATINSKA ŽUPANIJA;općina;KLIS;008;BIRAČKO MJESTO 8. BROČANAC;MO BROČANAC;DOMOVINSKOG RATA 146;163;47;47;46;1;39;7
17;SPLITSKO-DALMATINSKA ŽUPANIJA;općina;KLIS;009;BIRAČKO MJESTO 9. DUGOBABE;MO DUGOBABE;DOMOVINSKOG RATA 168;108;51;51;49;2;46;3
17;SPLITSKO-DALMATINSKA ŽUPANIJA;općina;KLIS;010;BIRAČKO MJESTO 10. VUČEVICA;MO VUČEVICA;ZVONIMIROVA 5;46;20;20;20;0;17;3
17;SPLITSKO-DALMATINSKA ŽUPANIJA;općina;KLIS;011;BIRAČKO MJESTO 11. KORUŠCE;PROSTORIJE MJESNOG ODBORA KORUŠCE;PUT ŠKOLE 13;74;21;21;20;1;20;0
17;SPLITSKO-DALMATINSKA ŽUPANIJA;općina;KLIS;012;BIRAČKO MJESTO 12. BRŠTANOVO;MO BRŠTANOVO;HRVATSKIH VELIKANA 12;232;87;87;83;4;76;7
17;SPLITSKO-DALMATINSKA ŽUPANIJA;općina;KLIS;013;BIRAČKO MJESTO 13. NISKO;MO NISKO;HRVATSKIH VELIKANA 88;176;62;62;62;0;60;2
17;SPLITSKO-DALMATINSKA ŽUPANIJA;općina;KLIS;014;BIRAČKO MJESTO 14. PRUGOVO;MO PRUGOVO;IVANA PAVLA II 100;476;103;103;99;4;87;12
17;SPLITSKO-DALMATINSKA ŽUPANIJA;općina;LEĆEVICA;001;BIRAČKO MJESTO BR. 1 -  DIVOJEVIĆI;MJESNI ODBOR DIVOJEVIĆI;DIVOJEVIĆI, ULICA SV. IVAN 65;44;30;30;30;0;30;0
17;SPLITSKO-DALMATINSKA ŽUPANIJA;općina;LEĆEVICA;002;BIRAČKO MJESTO BR. 2 - KLADNJICE;MJESNI DOM;KLADNJICE, ULICA HRVATSKIH DRAGOVOLJACA 62;159;78;78;78;0;75;3
17;SPLITSKO-DALMATINSKA ŽUPANIJA;općina;LEĆEVICA;003;BIRAČKO MJESTO BR. 3 - LEĆEVICA;OŠ LEĆEVICA;LEĆEVICA, ULICA HRVATSKIH MUČENIKA 9;160;44;44;42;2;34;8
17;SPLITSKO-DALMATINSKA ŽUPANIJA;općina;LEĆEVICA;004;BIRAČKO MJESTO BR. 4 - RADOŠIĆ;MJESNI ODBOR RADOŠIĆ;RADOŠIĆ, ULICA ANTE KUŽIĆA 142;153;52;52;52;0;50;2
17;SPLITSKO-DALMATINSKA ŽUPANIJA;općina;LOKVIČIĆI;001;BERINOVAC;"""PIPLIČINA KUĆA""";BERINOVAC;163;57;57;56;1;52;4
17;SPLITSKO-DALMATINSKA ŽUPANIJA;općina;LOKVIČIĆI;002;KLJENOVAC;OSNOVNA ŠKOLA KLJENOVAC;KLJENOVAC;193;54;54;52;2;51;1
17;SPLITSKO-DALMATINSKA ŽUPANIJA;općina;LOKVIČIĆI;003;LOKVIČIĆI;OPĆINSKA ZGRADA;LOKVIČIĆI;69;21;21;20;1;20;0
17;SPLITSKO-DALMATINSKA ŽUPANIJA;općina;LOKVIČIĆI;004;DOLIĆA DRAGA;OSNOVNA ŠKOLA;DOLIĆA DRAGA;337;116;116;116;0;108;8
17;SPLITSKO-DALMATINSKA ŽUPANIJA;općina;LOVREĆ;001;LOVREĆ;OŠ  S.S. KRANJČEVIĆ;LOVREĆ;548;294;293;287;6;284;3
17;SPLITSKO-DALMATINSKA ŽUPANIJA;općina;LOVREĆ;002;DOBRINČE;PODRUČNA ŠKOLA DOBRINČE;DOBRINČE;165;64;64;61;3;58;3
17;SPLITSKO-DALMATINSKA ŽUPANIJA;općina;LOVREĆ;003;MEDOV DOLAC;PODRUČNA ŠKOLA MEDOV DOLAC;MEDOV DOLAC;115;46;46;34;12;32;2
17;SPLITSKO-DALMATINSKA ŽUPANIJA;općina;LOVREĆ;004;OPANCI;"OŠ ""S.S. KRANJČEVIĆ""";OPANCI;282;186;186;182;4;181;1
17;SPLITSKO-DALMATINSKA ŽUPANIJA;općina;LOVREĆ;005;STUDENCI;OSNOVNA ŠKOLA STUDENCI;STUDENCI;474;169;169;163;6;158;5
17;SPLITSKO-DALMATINSKA ŽUPANIJA;općina;MARINA;001;BIRAČKO MJESTO 1. MARINA;OSNOVNA ŠKOLA IVAN DUKNOVIĆ;DON FRANE MACANOVIĆA 1, MARINA;1080;161;161;157;4;73;84
17;SPLITSKO-DALMATINSKA ŽUPANIJA;općina;MARINA;002;BIRAČKO MJESTO 2. SVINCA;MJESNI DOM;SVINCA BB;109;41;41;39;2;26;13
17;SPLITSKO-DALMATINSKA ŽUPANIJA;općina;MARINA;003;BIRAČKO MJESTO 3. GORNJE VINIŠĆE;PROSTOR MJESNOG ODBORA DUBRAVE;DUBRAVE BB;147;36;36;35;1;28;7
17;SPLITSKO-DALMATINSKA ŽUPANIJA;općina;MARINA;004;BIRAČKO MJESTO 4. DONJE VINIŠĆE;MJESNI DOM;VINIŠĆE;604;119;119;117;2;55;62
17;SPLITSKO-DALMATINSKA ŽUPANIJA;općina;MARINA;005;BIRAČKO MJESTO 5. SEVID;ZGRADA MJESNOG ODBORA - NOVA;SEVID;305;70;70;69;1;38;31
17;SPLITSKO-DALMATINSKA ŽUPANIJA;općina;MARINA;006;BIRAČKO MJESTO 6. VRSINE;PROSTOR PODRUČNE OSNOVNE ŠKOLE IVAN DUKNOVIĆ MARINA;VRSINE, VRSINSKA CESTA 7;307;58;58;48;10;21;27
17;SPLITSKO-DALMATINSKA ŽUPANIJA;općina;MARINA;007;BIRAČKO MJESTO 7. POLJICA;"""RESTORAN KAČINA""";POLJICA, OBALA 145;661;123;123;117;6;59;58
17;SPLITSKO-DALMATINSKA ŽUPANIJA;općina;MARINA;008;BIRAČKO MJESTO 8. NAJEVI;MJESNI DOM;NAJEVI BB;40;21;21;21;0;17;4
17;SPLITSKO-DALMATINSKA ŽUPANIJA;općina;MARINA;009;BIRAČKO MJESTO 9. GUSTIRNA;OŠ IVAN DUKNOVIĆ PODRUČNA ŠKOLA GUSTIRNA;GUSTIRNA, GUSTIRNA III 17;318;70;70;67;3;39;28
17;SPLITSKO-DALMATINSKA ŽUPANIJA;općina;MARINA;010;BIRAČKO MJESTO 10. DOGRADE;MJESNI DOM;DOGRADE BB;172;33;33;32;1;22;10
17;SPLITSKO-DALMATINSKA ŽUPANIJA;općina;MARINA;011;BIRAČKO MJESTO 11. POZORAC;DJEČJI VRTIĆ KRIJESNICA;POZORAC, POZORAC 4;133;21;21;20;1;12;8
17;SPLITSKO-DALMATINSKA ŽUPANIJA;općina;MARINA;012;BIRAČKO MJESTO 12. BLIZNA GORNJA;MJESNI DOM;BLIZNA GORNJA;77;32;32;32;0;27;5
17;SPLITSKO-DALMATINSKA ŽUPANIJA;općina;MARINA;013;BIRAČKO MJESTO 13. BLIZNA DONJA;OŠ BLIZNA DONJA;BLIZNA DONJA;204;31;31;30;1;15;15
17;SPLITSKO-DALMATINSKA ŽUPANIJA;općina;MARINA;014;BIRAČKO MJESTO 14. MITLO;MJESNI DOM;MITLO BB;57;14;14;13;1;5;8
17;SPLITSKO-DALMATINSKA ŽUPANIJA;općina;MARINA;015;BIRAČKO MJESTO 15. VINOVAC;MJESNI DOM;VINOVAC BB;64;21;21;17;4;7;10
17;SPLITSKO-DALMATINSKA ŽUPANIJA;općina;MARINA;016;BIRAČKO MJESTO 16. RASTOVAC;MJESNI DOM;RASTOVAC, PODBOBOVAC 8;80;30;30;28;2;18;10
17;SPLITSKO-DALMATINSKA ŽUPANIJA;općina;MILNA;001;MILNA;OSNOVNA ŠKOLA MILNA;MILNA, ŽALO;924;226;226;222;4;103;119
17;SPLITSKO-DALMATINSKA ŽUPANIJA;općina;MILNA;002;LOŽIŠĆE;ZADRUŽNI DOM;LOŽIŠĆA;236;68;68;67;1;29;38
17;SPLITSKO-DALMATINSKA ŽUPANIJA;općina;MUĆ;001;BIRAČKO MJESTO 1.NEORIĆ;OŠ NEORIĆ-SUTINA;NEORIĆ, NEORIĆ 43;727;109;109;106;3;76;30
17;SPLITSKO-DALMATINSKA ŽUPANIJA;općina;MUĆ;002;BIRAČKO MJESTO 2. SUTINA;PROSTORIJE BRATSKE KUĆE SUTINA;SUTINA,CESTA NEORIĆ 1;268;59;59;56;3;43;13
17;SPLITSKO-DALMATINSKA ŽUPANIJA;općina;MUĆ;003;BIRAČKO MJESTO 3. GIZDAVAC;PROSTORIJE DRUŠTVENOG DOMA;GIZDAVAC, SVETOG LUKE 12;91;20;20;19;1;16;3
17;SPLITSKO-DALMATINSKA ŽUPANIJA;općina;MUĆ;004;BIRAČKO MJESTO 4. DONJI MUĆ;OŠ KNEZA BRANAIMIRA;DONJI MUĆ 218;461;79;79;72;7;58;14
17;SPLITSKO-DALMATINSKA ŽUPANIJA;općina;MUĆ;005;BIRAČKO MJESTO 5. GORNJI MUĆ;PROSTORIJE OŠ KNEZ BRANIMIR;GORNJI MUĆ, BEBIĆI 2;396;45;45;45;0;36;9
17;SPLITSKO-DALMATINSKA ŽUPANIJA;općina;MUĆ;006;BIRAČKO MJESTO 6. CRIVAC;OŠ BRAĆE RADIĆ PODRUČNA ŠKOLA CRIVAC;CRIVAC, GORNJE POLJE 9;289;38;38;38;0;33;5
17;SPLITSKO-DALMATINSKA ŽUPANIJA;općina;MUĆ;007;BIRAČKO MJESTO 7. DONJE OGORJE;DRUŠTVENI DOM;DONJE OGORJE , RAĐE 3;403;64;64;62;2;53;9
17;SPLITSKO-DALMATINSKA ŽUPANIJA;općina;MUĆ;008;BIRAČKO MJESTO 8. BRAČEVIĆI;DRUŠTVENI DOM;BRAČEVIĆ, KROZ BRAČEVIĆ 15;147;16;16;16;0;13;3
17;SPLITSKO-DALMATINSKA ŽUPANIJA;općina;MUĆ;009;BIRAČKO MJESTO 9 GORNJE POSTINJE;DRUŠTVENI DOM;GORNJE POSTINJE, GORNJE POSTINJE 48;184;31;31;30;1;24;6
17;SPLITSKO-DALMATINSKA ŽUPANIJA;općina;MUĆ;010;BIRAČKO MJESTO 10. RAMLJANE;DRUŠTVENI DOM;RAMLJANE, KROZ RAMLJANE 17;112;18;18;16;2;15;1
17;SPLITSKO-DALMATINSKA ŽUPANIJA;općina;NEREŽIŠĆA;001;NEREŽIŠĆA;"GALERIJA  ""NEREŽIŠĆA""";TRG SVETOG PETRA 1, NEREŽIŠĆA;586;204;204;194;10;120;74
17;SPLITSKO-DALMATINSKA ŽUPANIJA;općina;NEREŽIŠĆA;002;DONJI HUMAC;HRVATSKI DOM RETOND;DONJI HUMAC 15;164;50;50;49;1;30;19
17;SPLITSKO-DALMATINSKA ŽUPANIJA;općina;NEREŽIŠĆA;003;DRAČEVICA;"DRUŠTVENI DOM ""GOLUBIJERA""";DRAČEVICA 100;86;37;37;35;2;18;17
17;SPLITSKO-DALMATINSKA ŽUPANIJA;općina;OKRUG;001;BIRAČKO MJESTO BROJ 1. OKRUG DONJI;MJESNI ODBOR (POŠTA);PUT RUDEJA 1;274;60;60;58;2;19;39
17;SPLITSKO-DALMATINSKA ŽUPANIJA;općina;OKRUG;002;BIRAČKO MJESTO BROJ 2. OKRUG GORNJI;OSNOVNA ŠKOLA OKRUK U OKRUGU GORNJEM;PUT MAVARČICE 24 B;890;161;161;158;3;96;62
17;SPLITSKO-DALMATINSKA ŽUPANIJA;općina;OKRUG;003;BIRAČKO MJESTO BROJ 3. OKRUG GORNJI;OSNOVNA ŠKOLA OKRUK U OKRUGU GORNJEM;PUT MAVARČICE 24 B;866;141;141;136;5;70;66
17;SPLITSKO-DALMATINSKA ŽUPANIJA;općina;OKRUG;004;BIRAČKO MJESTO BROJ 4. OKRUG GORNJI;OSNOVNA ŠKOLA OKRUK U OKRUGU GORNJEM;PUT MAVARČICE 24 B;928;114;114;114;0;73;41
17;SPLITSKO-DALMATINSKA ŽUPANIJA;općina;OKRUG;005;BIRAČKO MJESTO BROJ 5. OKRUG GORNJI;OSNOVNA ŠKOLA OKRUK U OKRUGU GORNJEM;PUT MAVARČICE 24 B;954;109;109;106;3;69;37
17;SPLITSKO-DALMATINSKA ŽUPANIJA;općina;OTOK;001;BIRAČKO MJESTO 1. GALA;OŠ IVAN MAŽURANIĆ - PODRUČNA ŠKOLA GALA;GALA;807;123;123;121;2;112;9
17;SPLITSKO-DALMATINSKA ŽUPANIJA;općina;OTOK;002;BIRAČKO MJESTO 2. GORNJI OTOK;OŠ KAMEŠNICA U OTOKU;GORNJI OTOK;1727;267;267;261;6;252;9
17;SPLITSKO-DALMATINSKA ŽUPANIJA;općina;OTOK;003;BIRAČKO MJESTO 3. UDOVIČIĆI;OŠ KAMEŠNICA - PODRUČNA ŠKOLA UDOVIČIĆI;UDOVIČIĆI;324;66;66;66;0;43;23
17;SPLITSKO-DALMATINSKA ŽUPANIJA;općina;OTOK;004;BIRAČKO MJESTO 4. DONJI OTOK;OŠ KAMEŠNICA U OTOKU;DONJI OTOK;1027;226;226;225;1;208;17
17;SPLITSKO-DALMATINSKA ŽUPANIJA;općina;OTOK;005;BIRAČKO MJESTO 5. RUDA;OŠ KAMEŠNICA - PODRUČNA ŠKOLA RUDA;RUDA;790;119;119;116;3;101;15
17;SPLITSKO-DALMATINSKA ŽUPANIJA;općina;PODBABLJE;001;BIRAČKO MJESTO BR. 1 - POLJICA;PODRUČNA ŠKOLA POLJICA;HRVATSKIH BRANITELJA 107;691;499;499;449;50;415;34
17;SPLITSKO-DALMATINSKA ŽUPANIJA;općina;PODBABLJE;002;BIRAČKO MJESTO BR. 2 - KRIVODOL;"OŠ ""TIN UJEVIĆ""";IVANA PAVLA II 16;395;271;271;255;16;210;45
17;SPLITSKO-DALMATINSKA ŽUPANIJA;općina;PODBABLJE;003;BIRAČKO MJESTO BR. 3 - GRUBINE;PODRUČNA ŠKOLA GRUBINE;ULICA TINA UJEVIĆA 1;830;612;612;549;63;474;75
17;SPLITSKO-DALMATINSKA ŽUPANIJA;općina;PODBABLJE;004;BIRAČKO MJESTO BR. 4 - IVANBEGOVINA;PODRUČNA ŠKOLA IVANBEGOVINA;IVANBEGOVINA 16;241;177;177;160;17;140;20
17;SPLITSKO-DALMATINSKA ŽUPANIJA;općina;PODBABLJE;005;BIRAČKO MJESTO BR. 5 - HRŠĆEVANI;PODRUČNA ŠKOLA HRŠĆEVANI;TINA UJEVIĆA 1;338;238;238;214;24;200;14
17;SPLITSKO-DALMATINSKA ŽUPANIJA;općina;PODBABLJE;006;BIRAČKO MJESTO BR. 6 - KAMENMOST;PODRUČNA ŠKOLA KAMENMOST;PUT ŠKOLE 8;440;296;296;276;20;191;85
17;SPLITSKO-DALMATINSKA ŽUPANIJA;općina;PODBABLJE;007;BIRAČKO MJESTO BR. 7 - DRUM;PODRUČNA ŠKOLA DRUM;ULICA DOMOVINSKOG RATA 35;577;447;446;421;25;356;65
17;SPLITSKO-DALMATINSKA ŽUPANIJA;općina;PODBABLJE;008;PODBABLJE GORNJE;PODRUČNA ŠKOLA PODBABLJE GORNJE;TRG HRVATSKOG VITEZA MILANA TRUTINA ŠILJE 1;461;327;327;301;26;286;15
17;SPLITSKO-DALMATINSKA ŽUPANIJA;općina;PODGORA;001;PODGORA;ZGRADA OPĆINE;PODGORA, A.K. MIOŠIĆA 2;1231;798;798;736;62;339;397
17;SPLITSKO-DALMATINSKA ŽUPANIJA;općina;PODGORA;002;DRAŠNICE;OSNOVNA ŠKOLA - DON M.PAVLINOVIĆ;DRAŠNICE, DRAŠNICE 127;300;159;159;147;12;83;64
17;SPLITSKO-DALMATINSKA ŽUPANIJA;općina;PODGORA;003;IGRANE;TURISTIČKI URED-DVORANA;IGRANE  , IGRANE 153;375;201;201;191;10;113;78
17;SPLITSKO-DALMATINSKA ŽUPANIJA;općina;PODGORA;004;ŽIVOGOŠĆE;"OSNOVNA ŠKOLA ""DON MIHOVIL PAVLINOVIĆ""";ŽIVOGOŠĆE, PORAT 87;535;249;249;217;32;96;121
17;SPLITSKO-DALMATINSKA ŽUPANIJA;općina;PODSTRANA;001;STROŽANAC;OSNOVNA ŠKOLA STROŽANAC;BLATO 1;981;364;364;323;41;245;78
17;SPLITSKO-DALMATINSKA ŽUPANIJA;općina;PODSTRANA;002;STROŽANAC;OSNOVNA ŠKOLA STROŽANAC;BLATO 1;892;332;332;298;34;230;68
17;SPLITSKO-DALMATINSKA ŽUPANIJA;općina;PODSTRANA;003;STROŽANAC;OSNOVNA ŠKOLA STROŽANAC;BLATO 1;836;219;219;197;22;141;56
17;SPLITSKO-DALMATINSKA ŽUPANIJA;općina;PODSTRANA;004;STROŽANAC;OSNOVNA ŠKOLA STROŽANAC;BLATO 1;659;299;299;274;25;209;65
17;SPLITSKO-DALMATINSKA ŽUPANIJA;općina;PODSTRANA;005;STROŽANAC;OSNOVNA ŠKOLA STROŽANAC;BLATO 1;710;259;259;245;14;170;75
17;SPLITSKO-DALMATINSKA ŽUPANIJA;općina;PODSTRANA;006;STROŽANAC;OSNOVNA ŠKOLA STROŽANAC;BLATO 1;746;298;298;265;33;202;63
17;SPLITSKO-DALMATINSKA ŽUPANIJA;općina;PODSTRANA;007;PODSTRANA - GRLJEVAC;ZGRADA OPĆINE;TRG FRANJE  TUĐMANA 3;860;344;342;318;24;248;70
17;SPLITSKO-DALMATINSKA ŽUPANIJA;općina;PODSTRANA;008;PODSTRANA-GRLJEVAC;ZGRADA OPĆINE;TRG FRANJE TUĐMANA 3;733;306;306;294;12;237;57
17;SPLITSKO-DALMATINSKA ŽUPANIJA;općina;PODSTRANA;009;PODSTRANA-GRLJEVAC;ZGRADA OPĆINE;TRG FRANJE TUĐMANA 3;788;282;282;262;20;202;60
17;SPLITSKO-DALMATINSKA ŽUPANIJA;općina;PODSTRANA;010;PODSTRANA;ZGRADA OPĆINE;TRG FRANJE TUĐMANA 3;714;299;299;277;22;191;86
17;SPLITSKO-DALMATINSKA ŽUPANIJA;općina;PODSTRANA;011;PODSTRANA;ZGRADA OPĆINE;TRG FRANJE TUĐMANA 3;705;294;294;276;18;174;102
17;SPLITSKO-DALMATINSKA ŽUPANIJA;općina;PODSTRANA;012;PODSTRANA;ZGRADA OPĆINE;TRG FRANJE TUĐMANA 3;695;270;270;255;15;160;95
17;SPLITSKO-DALMATINSKA ŽUPANIJA;općina;POSTIRA;001;POSTIRA;"DJEČJI VRTIĆ ""GRDELIN""";POSTIRA;1380;403;402;384;18;296;88
17;SPLITSKO-DALMATINSKA ŽUPANIJA;općina;POSTIRA;002;DOL;PROSTORIJE MJESNOG UREDA (UDRUGA HRAPAĆUŠA);DOL;113;51;51;49;2;34;15
17;SPLITSKO-DALMATINSKA ŽUPANIJA;općina;PRGOMET;001;BIRAČKO MJESTO 1. BOGDANOVIĆI;DOM MJESNOG  ODBORA;BOGDANOVIĆI, PUT ANTE DUKE 1;139;58;58;57;1;56;1
17;SPLITSKO-DALMATINSKA ŽUPANIJA;općina;PRGOMET;002;BIRAČKO MJESTO 2. LABIN;ST. ŠKOLSKA ZGRADA;LABIN, PUT MATE MOTIKE 6;101;41;41;41;0;34;7
17;SPLITSKO-DALMATINSKA ŽUPANIJA;općina;PRGOMET;003;BIRAČKO MJESTO 3. PRGOMET;OŠ PRGOMET;PRGOMET, CESTA DR. F. TUĐMANA 11;90;37;37;36;1;33;3
17;SPLITSKO-DALMATINSKA ŽUPANIJA;općina;PRGOMET;004;BIRAČKO MJESTO 4. SITNO;DOM MJESNOG  ODBORA;SITNO, CESTA SV. JURE 2;84;67;67;67;0;63;4
17;SPLITSKO-DALMATINSKA ŽUPANIJA;općina;PRGOMET;005;BIRAČKO MJESTO 5. TROLOKVE;BIVŠA ŠKOLA;TROLOKVE, CESTA DOMOVINSKOG RATA 13;99;40;40;38;2;34;4
17;SPLITSKO-DALMATINSKA ŽUPANIJA;općina;PRIMORSKI DOLAC;001;BIRAČKO MJESTO 1;OPĆINA PRIMORSKI DOLAC - OPĆINSKA VIJEĆNICA;PRIMORSKI DOLAC 2;661;173;173;170;3;147;23
17;SPLITSKO-DALMATINSKA ŽUPANIJA;općina;PROLOŽAC;001;RIČICE;PODRUČNA ŠKOLA;RIČICE;297;106;106;102;4;95;7
17;SPLITSKO-DALMATINSKA ŽUPANIJA;općina;PROLOŽAC;002;PODI;"PODRUČNA ŠKOLA ""BRLOG""";PODI;269;191;191;185;6;174;11
17;SPLITSKO-DALMATINSKA ŽUPANIJA;općina;PROLOŽAC;003;BUDIM;KUĆA GRGE BLAŽEVIĆA;BUDIM;677;429;429;410;19;370;40
17;SPLITSKO-DALMATINSKA ŽUPANIJA;općina;PROLOŽAC;004;NUGA;PROSTORIJA MJESNOG ODBORA, NUGA;NUGA;324;209;209;204;5;193;11
17;SPLITSKO-DALMATINSKA ŽUPANIJA;općina;PROLOŽAC;005;BRDO;PODRUČNA ŠKOLA METERI;BRDO;210;114;114;110;4;94;16
17;SPLITSKO-DALMATINSKA ŽUPANIJA;općina;PROLOŽAC;006;PROLOŽAC;MJESNI DOM;PROLOŽAC;444;288;288;270;18;219;51
17;SPLITSKO-DALMATINSKA ŽUPANIJA;općina;PROLOŽAC;007;LUG;PROSTORIJA MJESNOG ODBORA (LOVAČKA KUĆA);LUG;421;315;315;305;10;267;38
17;SPLITSKO-DALMATINSKA ŽUPANIJA;općina;PROLOŽAC;008;BULJANIJA;KUĆA DANE IVANKA;BULJANIJA;368;229;229;219;10;190;29
17;SPLITSKO-DALMATINSKA ŽUPANIJA;općina;PROLOŽAC;009;ŠUMET;PROSTORIJE MJESNOG ODBORA;ŠUMET;257;171;171;162;9;139;23
17;SPLITSKO-DALMATINSKA ŽUPANIJA;općina;PUČIŠĆA;001;PUČIŠĆA;IZLOŽBENA DVORANA KNJIŽNICE ''HRVATSKI SKUP'';PUČIŠĆA;1320;325;325;313;12;197;116
17;SPLITSKO-DALMATINSKA ŽUPANIJA;općina;PUČIŠĆA;002;GORNJI HUMAC;DVORANA DRUŠTVENOG DOMA NA MJESNOM TRGU U GORNJEM HUMCU;GORNJI HUMAC;251;95;95;94;1;66;28
17;SPLITSKO-DALMATINSKA ŽUPANIJA;općina;PUČIŠĆA;003;PRAŽNICE;PROSTORIJE DRUŠ. DOMA;PRAŽNICE;291;131;131;126;5;104;22
17;SPLITSKO-DALMATINSKA ŽUPANIJA;općina;RUNOVIĆI;001;SLIVNO;SLIVNO CENTAR;SLIVNO;214;57;57;57;0;51;6
17;SPLITSKO-DALMATINSKA ŽUPANIJA;općina;RUNOVIĆI;002;SLIVNO;"OSNOVNA ŠKOLA ""VRDOLJACI""";SLIVNO;103;16;16;15;1;15;0
17;SPLITSKO-DALMATINSKA ŽUPANIJA;općina;RUNOVIĆI;003;RUNOVIĆI-SEBIŠINA;PODRUČNA ŠKOLA SEBIŠINA;RUNOVIĆI-SEBIŠINA;166;83;83;80;3;79;1
17;SPLITSKO-DALMATINSKA ŽUPANIJA;općina;RUNOVIĆI;004;RUNOVIĆI;LJUBIČIĆA KUĆA;RUNOVIĆI;247;102;102;99;3;96;3
17;SPLITSKO-DALMATINSKA ŽUPANIJA;općina;RUNOVIĆI;005;RUNOVIĆI;DOM KULTURE;RUNOVIĆI;703;327;327;323;4;310;13
17;SPLITSKO-DALMATINSKA ŽUPANIJA;općina;RUNOVIĆI;006;RUNOVIĆI;ČANTINA KUĆA;RUNOVIĆI;553;191;191;183;8;171;12
17;SPLITSKO-DALMATINSKA ŽUPANIJA;općina;RUNOVIĆI;007;RUNOVIĆI;PODOSOJE;PODOSOJE;35;20;20;20;0;18;2
17;SPLITSKO-DALMATINSKA ŽUPANIJA;općina;SEGET;001;BIRAČKO MJESTO BR. 1. U LJUBITOVICI;"PODRUČNA ŠKOLA ""KRALJ ZVONIMIR""";LJUBITOVICA;391;134;134;128;6;120;8
17;SPLITSKO-DALMATINSKA ŽUPANIJA;općina;SEGET;002;BIRAČKO MJESTO BR. 2. U PRAPATNICI;"PODRUČNA ŠKOLA ""KRALJ ZVONIMIR""";PRAPATNICA;148;102;102;100;2;88;12
17;SPLITSKO-DALMATINSKA ŽUPANIJA;općina;SEGET;003;BIRAČKO MJESTO BR. 3. U SEGETU GORNJEM;ZADRUŽNI DOM SEGET GORNJI;SEGET GORNJI;148;67;67;63;4;56;7
17;SPLITSKO-DALMATINSKA ŽUPANIJA;općina;SEGET;004;BIRAČKO MJESTO BR. 4. U BRISTIVICI;"PODRUČNA ŠKOLA ""KRALJ ZVONIMIR""";BRISTIVICA;291;160;160;159;1;152;7
17;SPLITSKO-DALMATINSKA ŽUPANIJA;općina;SEGET;005;BIRAČKO MJESTO BR. 5. U SEGET VRANJICI;"PODRUČNA ŠKOLA ""KRALJ ZVONIMIR""";SEGET VRANJICA;1027;325;325;315;10;235;80
17;SPLITSKO-DALMATINSKA ŽUPANIJA;općina;SEGET;006;BIRAČKO MJESTO BR. 6. SEGETU DONJEM;"ZGRADA OPĆINE SEGET ""DOM BANA JOSIPA JELAČIĆA""";TRG HRV. VITEZA ŠPIRA ŠEVE FRZELINA  1;796;263;263;259;4;206;53
17;SPLITSKO-DALMATINSKA ŽUPANIJA;općina;SEGET;007;BIRAČKO MJESTO BR. 7. U SEGETU DONJEM;"ZGRADA OPĆINE SEGET ""DOM BANA JOSIPA JELAČIĆA""";TRG HRVATSKOG VITEZA ŠPIRA ŠEVE FRZELINA 1;933;320;320;317;3;219;98
17;SPLITSKO-DALMATINSKA ŽUPANIJA;općina;SEGET;008;BIRAČKO MJESTO BR. 8 U SEGETU DONJEM;"ZGRADA OPĆINE SEGET ""DOM BANA JOSIPA JELAČIĆA""";TRG HRVATSKOG VITEZA ŠPIRO ŠEVO FRZELIN 1;595;197;197;196;1;150;46
17;SPLITSKO-DALMATINSKA ŽUPANIJA;općina;SELCA;001;SELCA;ZGRADA OPĆINE SELCA -SELCA;TRG STJEPANA RADIĆA 5;773;181;181;181;0;80;101
17;SPLITSKO-DALMATINSKA ŽUPANIJA;općina;SELCA;002;SUMARTIN;ZGRADA OSNOVNE ŠKOLE-SUMARTIN;PORAT 1;474;97;97;94;3;55;39
17;SPLITSKO-DALMATINSKA ŽUPANIJA;općina;SELCA;003;NOVO SELO;DRUŠTVENA PROSTORIJA - NOVO SELO;PJACA;144;49;49;48;1;25;23
17;SPLITSKO-DALMATINSKA ŽUPANIJA;općina;SELCA;004;POVLJA;SPORTSKA DVORANA - POVLJA (ZADRUŽNI DOM);RIVA 1;376;114;114;113;1;30;83
17;SPLITSKO-DALMATINSKA ŽUPANIJA;općina;SUĆURAJ;001;SUĆURAJ;"OŠ ""ANTE ANĐELINOVIĆ""";SUĆURAJ, TRG PARK 5;336;146;146;145;1;97;48
17;SPLITSKO-DALMATINSKA ŽUPANIJA;općina;SUĆURAJ;002;BOGOMOLJE;PROSTORIJE PODRUČNE ŠKOLE BOGOMOLJE;BOGOMOLJE, SRID SELA 16;155;53;53;51;2;27;24
17;SPLITSKO-DALMATINSKA ŽUPANIJA;općina;SUTIVAN;001;SUTIVAN;PROSTORIJE PODRUČNE ŠKOLE SUTIVAN;SUTIVAN,  KALA O KONGULI BR. 2;988;265;265;260;5;151;109
17;SPLITSKO-DALMATINSKA ŽUPANIJA;općina;ŠESTANOVAC;001;GRABOVAC CENTAR;OBITELJSKA KUĆA IVANA ŠARIĆA POK. MIRA;GRABOVAC-CENTAR 129;217;112;112;109;3;100;9
17;SPLITSKO-DALMATINSKA ŽUPANIJA;općina;ŠESTANOVAC;002;GRABOVAC GORIČAJ;PROSTORIJE OSNOVNE ŠKOLE, GRABOVAC;GRABOVAC GORIČAJ;122;34;34;33;1;33;0
17;SPLITSKO-DALMATINSKA ŽUPANIJA;općina;ŠESTANOVAC;003;ŽEŽEVICA-PRIVIJA;BIVŠI ZADRUŽNI DOM U VLASNIŠTVU M.B.PRINT D.O.O.;ŽEŽEVICA PRIVIJA;148;19;19;17;2;17;0
17;SPLITSKO-DALMATINSKA ŽUPANIJA;općina;ŠESTANOVAC;004;ŽEŽEVICA-ORJE;PROSTORIJE OSNOVNE ŠKOLE, ŽEŽEVICA ORJE;ŽEŽEVICA ORJE;191;62;62;61;1;60;1
17;SPLITSKO-DALMATINSKA ŽUPANIJA;općina;ŠESTANOVAC;005;ŠESTANOVAC;PROSTORIJE OSNOVNE ŠKOLE;ŠESTANOVAC;404;98;98;95;3;84;11
17;SPLITSKO-DALMATINSKA ŽUPANIJA;općina;ŠESTANOVAC;006;KREŠEVO POLJE;PROSTORIJE OSNOVNE ŠKOLE, KREŠEVO POLJE;KREŠEVO POLJE;112;46;46;39;7;38;1
17;SPLITSKO-DALMATINSKA ŽUPANIJA;općina;ŠESTANOVAC;007;KATUNI POLJE;OBITELJSKA KUĆA TONKE MANDUŠIĆ Ž. JOŠKA;KATUNI, RADOBILJSKA CESTA 20;246;77;77;73;4;69;4
17;SPLITSKO-DALMATINSKA ŽUPANIJA;općina;ŠESTANOVAC;008;KREŠEVO BRDO;"PROSTORIJE ""KUD-A RADOBILJA"", KREŠEVO BRDO";MASLOVLJEVA LOKVA 3, KREŠEVO BRDO;131;65;65;61;4;54;7
17;SPLITSKO-DALMATINSKA ŽUPANIJA;općina;ŠESTANOVAC;009;KATUNI BRDO;"PROSTORIJE OSNOVNE ŠKOLE ""BALIĆI"", KATUNI BRDO";KATUNI BRDO;93;61;61;61;0;61;0
17;SPLITSKO-DALMATINSKA ŽUPANIJA;općina;ŠESTANOVAC;010;KATUNI PRPUŠA;OBITELJSKA KUĆA MATE VUKUŠIĆA SIN VLADIMIRA;KATUNI PRPUŠA, DR.FRANJE TUĐMANA 6;161;56;56;55;1;55;0
17;SPLITSKO-DALMATINSKA ŽUPANIJA;općina;ŠOLTA;001;MASLINICA;TURISTIČKI URED;MASLINICA;296;173;173;159;14;70;89
17;SPLITSKO-DALMATINSKA ŽUPANIJA;općina;ŠOLTA;002;DONJE SELO;PROSTORIJE BRATSKE KUĆE;DONJE SELO;226;139;139;134;5;65;69
17;SPLITSKO-DALMATINSKA ŽUPANIJA;općina;ŠOLTA;003;SREDNJE SELO;PROSTORIJE MJESNOG ODBORA;SREDNJE SELO;131;81;81;74;7;27;47
17;SPLITSKO-DALMATINSKA ŽUPANIJA;općina;ŠOLTA;004;GROHOTE;PROSTORIJE DOMA KULTURE;GROHOTE;447;267;267;243;24;115;128
17;SPLITSKO-DALMATINSKA ŽUPANIJA;općina;ŠOLTA;005;ROGAČ;TURISTIČKI URED ROGAČ, ROGAČ;ROGAČ;154;80;80;74;6;28;46
17;SPLITSKO-DALMATINSKA ŽUPANIJA;općina;ŠOLTA;006;NEČUJAM;PROSTORIJE MJESNOG ODBORA;NEČUJAM;367;201;201;194;7;72;122
17;SPLITSKO-DALMATINSKA ŽUPANIJA;općina;ŠOLTA;007;GORNJE SELO;PROSTORIJE MJESNOG ODBORA;GORNJE SELO;295;182;182;168;14;83;85
17;SPLITSKO-DALMATINSKA ŽUPANIJA;općina;ŠOLTA;008;STOMORSKA;PROSTORIJE MJESNOG ODBORA;STOMORSKA;403;219;219;211;8;73;138
17;SPLITSKO-DALMATINSKA ŽUPANIJA;općina;TUČEPI;001;BIRAČKO MJESTO 1 - TUČEPI;OSNOVNA ŠKOLA TUČEPI;KRAJ 17;1590;1201;1200;1132;68;555;577
17;SPLITSKO-DALMATINSKA ŽUPANIJA;općina;TUČEPI;002;BIRAČKO MJESTO 2 - TUČEPI;"ETNO ZBIRKA ""ŠKRINJICA""";SRIDA SELA 7A, GORNJI TUČEPI;105;60;60;59;1;40;19
17;SPLITSKO-DALMATINSKA ŽUPANIJA;općina;ZADVARJE;001;ZADVARJE;NOVA ZGRADA OPĆINE;ULICA  SV. KATE 28, ZADVARJE;229;99;99;96;3;76;20
17;SPLITSKO-DALMATINSKA ŽUPANIJA;općina;ZAGVOZD;001;ZAGVOZD;OSNOVNA ŠKOLA ZAGVOZD;ZAGVOZD;668;177;177;168;9;157;11
17;SPLITSKO-DALMATINSKA ŽUPANIJA;općina;ZAGVOZD;002;KRSTATICE;OSNOVNA ŠKOLA;KRSTATICE;82;12;12;12;0;12;0
17;SPLITSKO-DALMATINSKA ŽUPANIJA;općina;ZAGVOZD;003;BIOKOVSKO SELO;KUĆA MLADENA BAKOTE;DONJE BAKOTE  BR. 52;41;10;10;9;1;9;0
17;SPLITSKO-DALMATINSKA ŽUPANIJA;općina;ZAGVOZD;004;RAŠĆANI GORNJI;KUĆA DANIJELE LENDIĆA U LENDIĆA;RAŠĆANI GORNJI-LENDIĆI 16;27;9;9;9;0;9;0
17;SPLITSKO-DALMATINSKA ŽUPANIJA;općina;ZAGVOZD;005;ŽUPA;KUĆA IVANA MILOŠA;ULICA GARMAZI 13;34;12;12;12;0;11;1
17;SPLITSKO-DALMATINSKA ŽUPANIJA;općina;ZAGVOZD;006;RASTOVAC;KUĆA MIRKO DEDIĆ;RASTOVAC BR. 204;187;38;38;36;2;34;2
17;SPLITSKO-DALMATINSKA ŽUPANIJA;općina;ZMIJAVCI;001;ZMIJAVCI;"OŠ ""ŠUTE""";ZMIJAVCI;773;574;573;552;21;481;71
17;SPLITSKO-DALMATINSKA ŽUPANIJA;općina;ZMIJAVCI;002;ZMIJAVCI;OŠ ZMIJAVCI (POLJETINA);ZMIJAVCI;894;639;639;598;41;510;88
