Rbr.županije;Županija;Oznaka GROP;Grad/opæina;Rbr BM;Naziv BM;Lokacija BM;Adresa BM;Ukupno biraèa;Glasovalo biraèa;Glasovalo biraèa (po listiæima);Važeæi listiæi;Nevažeæi listiæi;SRÐAN KOLAR;SRÐAN MILAKOVIÆ
16;VUKOVARSKO-SRIJEMSKA ŽUPANIJA;grad;VUKOVAR;001;SOTIN;DOM KULTURE;ULICA DR. FRANJE TUÐMANA BR. 2;108;20;20;17;3;11;6
16;VUKOVARSKO-SRIJEMSKA ŽUPANIJA;grad;VUKOVAR;002;VUKOVAR;"OSNOVNA ŠKOLA ""MITNICA""";FRUŠKOGORSKA BR. 2;53;2;2;2;0;1;1
16;VUKOVARSKO-SRIJEMSKA ŽUPANIJA;grad;VUKOVAR;003;VUKOVAR;"OSNOVNA ŠKOLA ""MITNICA""";FRUŠKOGORSKA BR. 2;70;6;6;6;0;4;2
16;VUKOVARSKO-SRIJEMSKA ŽUPANIJA;grad;VUKOVAR;004;VUKOVAR;"OSNOVNA ŠKOLA ""MITNICA""";FRUŠKOGORSKA BR. 2;105;23;23;23;0;10;13
16;VUKOVARSKO-SRIJEMSKA ŽUPANIJA;grad;VUKOVAR;005;VUKOVAR;OSNOVNA ŠKOLA MITNICA;FRUŠKOGORSKA BR. 2;60;7;7;7;0;7;0
16;VUKOVARSKO-SRIJEMSKA ŽUPANIJA;grad;VUKOVAR;006;VUKOVAR;"OSNOVNA ŠKOLA ""ANTUNA BAUERA""";TRG MATIJE GUPCA 19;219;82;82;82;0;48;34
16;VUKOVARSKO-SRIJEMSKA ŽUPANIJA;grad;VUKOVAR;007;VUKOVAR;"OSNOVNA ŠKOLA ""ANTUNA BAUERA""";TRG MATIJE GUPCA 19;183;51;51;51;0;35;16
16;VUKOVARSKO-SRIJEMSKA ŽUPANIJA;grad;VUKOVAR;008;VUKOVAR;"OSNOVNA ŠKOLA ""ANTUNA BAUERA""";TRG MATIJE GUPCA 19;230;62;62;61;1;38;23
16;VUKOVARSKO-SRIJEMSKA ŽUPANIJA;grad;VUKOVAR;009;VUKOVAR;"OSNOVNA ŠKOLA ""ANTUNA BAUERA""";TRG MATIJE GUPCA 19;233;61;61;60;1;26;34
16;VUKOVARSKO-SRIJEMSKA ŽUPANIJA;grad;VUKOVAR;010;VUKOVAR;GIMNAZIJA VUKOVAR;ŠAMAC 2;215;58;53;53;0;30;23
16;VUKOVARSKO-SRIJEMSKA ŽUPANIJA;grad;VUKOVAR;011;VUKOVAR;GIMNAZIJA VUKOVAR;ŠAMAC 2;204;48;48;43;5;18;25
16;VUKOVARSKO-SRIJEMSKA ŽUPANIJA;grad;VUKOVAR;012;VUKOVAR;"OSNOVNA ŠKOLA ""JOSIPA MATOŠA""";PRERADOVIÆEVA BR. 40;285;90;90;89;1;59;30
16;VUKOVARSKO-SRIJEMSKA ŽUPANIJA;grad;VUKOVAR;013;VUKOVAR;"OSNOVNA ŠKOLA ""JOSIPA MATOŠA""";PRERADOVIÆEVA BR. 40;328;87;87;83;4;52;31
16;VUKOVARSKO-SRIJEMSKA ŽUPANIJA;grad;VUKOVAR;014;VUKOVAR;"OSNOVNA ŠKOLA ""JOSIPA MATOŠA""";PRERADOVIÆEVA BR. 40;323;99;98;95;3;58;37
16;VUKOVARSKO-SRIJEMSKA ŽUPANIJA;grad;VUKOVAR;015;VUKOVAR;"OSNOVNA ŠKOLA ""DRAGUTINA TADIJANOVIÆA""";204. VUKOVARSKE BRIGADE BR. 24 A;273;70;70;70;0;32;38
16;VUKOVARSKO-SRIJEMSKA ŽUPANIJA;grad;VUKOVAR;016;VUKOVAR;"OSNOVNA ŠKOLA ""DRAGUTINA TADIJANOVIÆA""";204. VUKOVARSKE BRIGADE BR. 24 A;352;98;98;97;1;27;70
16;VUKOVARSKO-SRIJEMSKA ŽUPANIJA;grad;VUKOVAR;017;VUKOVAR;"VELEUÈILIŠTE ""LAVOSLAVA RUŽIÈKE""";ŽUPANIJSKA BR. 50;219;47;47;45;2;16;29
16;VUKOVARSKO-SRIJEMSKA ŽUPANIJA;grad;VUKOVAR;018;VUKOVAR;"VELEUÈILIŠTE ""LAVOSLAVA RUŽIÈKE""";ŽUPANIJSKA BR. 50;219;60;60;57;3;25;32
16;VUKOVARSKO-SRIJEMSKA ŽUPANIJA;grad;VUKOVAR;019;VUKOVAR;"OSNOVNA ŠKOLA ""DRAGUTINA TADIJANOVIÆA"", PODRUÈNA ŠKOLA LUŽAC";LJUDEVITA POSAVSKOG BR. 16;321;90;90;81;9;46;35
16;VUKOVARSKO-SRIJEMSKA ŽUPANIJA;grad;VUKOVAR;020;VUKOVAR;"TEHNIÈKA ŠKOLA ""NIKOLE TESLE""";BLAGE ZADRE 4;434;74;74;73;1;47;26
16;VUKOVARSKO-SRIJEMSKA ŽUPANIJA;grad;VUKOVAR;021;VUKOVAR;"TEHNIÈKA ŠKOLA ""NIKOLE TESLE""";BLAGE ZADRE 4;293;70;70;69;1;50;19
16;VUKOVARSKO-SRIJEMSKA ŽUPANIJA;grad;VUKOVAR;022;VUKOVAR;"TEHNIÈKA ŠKOLA ""NIKOLE TESLE""";BLAGE ZADRE 4;402;68;68;68;0;38;30
16;VUKOVARSKO-SRIJEMSKA ŽUPANIJA;grad;VUKOVAR;023;VUKOVAR;"TEHNIÈKA ŠKOLA ""NIKOLE TESLE""";BLAGE ZADRE 4;313;76;76;74;2;41;33
16;VUKOVARSKO-SRIJEMSKA ŽUPANIJA;grad;VUKOVAR;024;VUKOVAR;EKONOMSKA ŠKOLA VUKOVAR;STJEPANA FILIPOVIÆA BR. 6;264;91;91;90;1;62;28
16;VUKOVARSKO-SRIJEMSKA ŽUPANIJA;grad;VUKOVAR;025;VUKOVAR;"MJESNI ODBOR ""ALOJZIJA STEPINCA""";TRPINJSKA CESTA  84;210;38;38;38;0;30;8
16;VUKOVARSKO-SRIJEMSKA ŽUPANIJA;grad;VUKOVAR;026;VUKOVAR;"MJESNI ODBOR ""ALOJZIJA STEPINCA""";TRPINJSKA CESTA 84;176;45;45;45;0;26;19
16;VUKOVARSKO-SRIJEMSKA ŽUPANIJA;grad;VUKOVAR;027;VUKOVAR;"MJESNI ODBOR ""ALOJZIJA STEPINCA""";TRPINJSKA CESTA 84;140;31;31;28;3;23;5
16;VUKOVARSKO-SRIJEMSKA ŽUPANIJA;grad;VUKOVAR;028;VUKOVAR;"OSNOVNA ŠKOLA ""BLAGE ZADRE""";MARKA MARULIÆA BR. 2;297;79;79;74;5;49;25
16;VUKOVARSKO-SRIJEMSKA ŽUPANIJA;grad;VUKOVAR;029;VUKOVAR;"OSNOVNA ŠKOLA ""BLAGE ZADRE""";MARKA MARULIÆA BR. 2;320;76;76;72;4;46;26
16;VUKOVARSKO-SRIJEMSKA ŽUPANIJA;grad;VUKOVAR;030;VUKOVAR;"OSNOVNA ŠKOLA ""SINIŠE GLAVAŠEVIÆA""";DR. A. STARÈEVIÆA BR.5;300;82;82;76;6;46;30
16;VUKOVARSKO-SRIJEMSKA ŽUPANIJA;grad;VUKOVAR;031;VUKOVAR;"OSNOVNA ŠKOLA ""SINIŠE GLAVAŠEVIÆA""";DR. A. STARÈEVIÆA BR.5;498;127;127;124;3;76;48
16;VUKOVARSKO-SRIJEMSKA ŽUPANIJA;grad;VUKOVAR;032;VUKOVAR;"OSNOVNA ŠKOLA ""BLAGE ZADRE"" PODRUÈNA ŠKOLA LIPOVAÈA";SVETE ANE BR. 24;147;60;60;56;4;51;5
